MoleculeName	Type(Bond/Ring)	SMARTS	TorsionAngle	TorsionAngleScore	RingTorsion	RingTorsionScore	HeteroRingTorsion	HeteroRingTorsionScore	Category(Green/Orange/Red/Mixed)
CHEMBL17092      none	B	[a:1][c:2]!@[CX4H2:3][!#1:4]	150.025	1.43221	-	-	-	-	O
CHEMBL17092      none	B	[c:1][CX4H2:2]!@[OX2:3][c:4]	179.996	39.7757	-	-	-	-	G
CHEMBL17092      none	B	[cH1:1][c:2]([cH1])!@[O:3][C:4]	-179.739	26.896	-	-	-	-	G
CHEMBL17092      none	B	[c:1][c:2]!@[c:3][s,o,nX3H1:4]	159.999	3.02726	-	-	-	-	G
CHEMBL17092      none	B	[!#1:1][CH2:2]!@[n:3][cH0:4]	-135.028	0.148746	-	-	-	-	R
CHEMBL17092      none	B	[!#1:1][CX4H2:2]!@[CX4H2:3][!#1:4]	179.998	58.554	-	-	-	-	G
CHEMBL1213911      none	B	[cH1:1][c:2]([cH1])!@[O:3][C:4]	-179.73	26.896	-	-	-	-	G
CHEMBL1213911      none	B	[cH1:1][c:2]!@[c:3]([cH1])[nX2H0:4]	-29.9924	2.33993	-	-	-	-	G
CHEMBL1213911      none	B	[a:1][a:2]!@[NX3:3][!#1:4]	-29.9976	1.93298	-	-	-	-	O
CHEMBL1213911      none	B	[*:1]~[NX3:2]!@[NX2:3]~[*:4]	180	29.4914	-	-	-	-	G
CHEMBL1213911      none	B	[*:1]~[CX3:2]!@[cX3:3]~[*:4]	0.32658	13.8319	-	-	-	-	G
CHEMBL598394      none	B	[a:1][c:2]!@[CX4H2:3][!#1:4]	150.027	1.43221	-	-	-	-	O
CHEMBL598394      none	B	[c:1][CX4H2:2]!@[OX2:3][c:4]	179.996	39.7757	-	-	-	-	G
CHEMBL598394      none	B	[cH1:1][c:2]([cH1])!@[O:3][C:4]	-179.752	26.896	-	-	-	-	G
CHEMBL598394      none	B	[a:1][c:2]!@[CX4H1:3][H:4]	-59.3428	1.09004	-	-	-	-	G
C66144878      none	B	[$(C=O):1][NX3H1:2]!@[c:3]([cH1])[cH1:4]	-120.012	0.302054	-	-	-	-	R
C66144878      none	B	[O:1]=[CX3:2]!@[NX3H1:3][!#1:4]	0.00978498	63.7893	-	-	-	-	G
C66144878      none	B	[cH1:1][c:2]([cH1])!@[C:3]([NH1,NH2])=[O:4]	89.9947	0	-	-	-	-	R
C66144878      none	B	[cH1,nX2H0:1][c:2]([cH1,nX2H0])!@[NX3r:3][*:4]	-179.694	6.12375	-	-	-	-	G
C37060071      none	B	[a:1][c:2]!@[CX4H1:3][N,O:4]	-60.0009	3.48172	-	-	-	-	G
C37060071      none	B	[!#1:1][CX4H1:2]!@[NX3:3][!#1:4]	-90.0059	3.22537	-	-	-	-	G
C37060071      none	B	[cH0:1][c:2]([cH,nX2H0])!@[NX3H1:3][CX4:4]	-120	0	-	-	-	-	R
C37060071      none	B	[O-:1][N+:2](=O)!@[c:3]([cH,nX2H0])[cH,nX2H0:4]	179.964	23.2156	-	-	-	-	G
C00194255      none	B	[$(C=O):1][NX3H0:2]!@[CX4H2:3][!#1:4]	-59.9964	0.579777	-	-	-	-	G
C00194255      none	B	[!#1:1][CX4H2:2]!@[NX3H1:3][!#1:4]	179.996	11.3535	-	-	-	-	G
C00194255      none	B	[cH0:1][c:2]([cH,nX2H0])!@[NX3H1:3][CX4:4]	-160.007	4.72103	-	-	-	-	O
C37318416      none	B	[a:1][c:2]!@[CX4H2:3][!#1:4]	-44.9974	1.62815	-	-	-	-	O
C37318416      none	B	[!#1:1][CX4H2:2]!@[NX3H1:3][!#1:4]	150.001	1.87295	-	-	-	-	O
C37318416      none	B	[cH0:1][c:2]([cH,nX2H0])!@[NX3H1:3][CX4:4]	-159.997	4.72103	-	-	-	-	O
C37318416      none	B	[O-:1][N+:2](=O)!@[c:3]([cH0])[cH,nX2H0:4]	0.312821	12.6374	-	-	-	-	G
C21517740      none	B	[cH0:1][c:2]!@[CX4H2:3][N,O,S:4]	-45.0003	1.84995	-	-	-	-	G
C21517740      none	B	[!#1:1][CX4H2:2]!@[NX3H1:3][!#1:4]	150.002	1.87295	-	-	-	-	O
C21517740      none	B	[cH1:1][c:2]([cH1])!@[NX3:3][CX4:4]	-159.722	2.66685	-	-	-	-	O
C21517740      none	B	[cH1:1][a:2]([cH1])!@[a:3]([sX2,o,nX2H0,nX3H1:4])([cH1])	180	11.5003	-	-	-	-	G
CHEMBL1213968      none	B	[cH1:1][c:2]([cH1])!@[CX3:3]=[NX2:4]	-29.7162	2.32396	-	-	-	-	G
CHEMBL1213968      none	B	[*:1]~[NX3:2]!@[NX2:3]~[*:4]	180	29.4914	-	-	-	-	G
CHEMBL1213968      none	B	[a:1][a:2]!@[NX3:3][!#1:4]	150.319	1.85775	-	-	-	-	O
CHEMBL1213968      none	B	[cH1:1][c:2]!@[c:3]([cH1])[nX2H0:4]	-29.7283	2.33993	-	-	-	-	G
CHEMBL1213968      none	B	[cH1:1][c:2]([cH1])!@[O:3][C:4]	180	26.896	-	-	-	-	G
C00810628      none	B	[cH1:1][c:2]([cH0])!@[NX3:3][a:4]	0.0448614	12.1099	-	-	-	-	G
C00810628      none	B	[a:1][a:2]!@[NX3:3][!#1:4]	-29.6831	1.93298	-	-	-	-	O
C00810628      none	B	[c:1][c:2]!@[c:3][s,o,nX3H1:4]	160.574	3.02726	-	-	-	-	G
C64874884      none	B	[$(C=O):1][O:2]!@[CH2:3]~[C:4]	179.995	23.3458	-	-	-	-	G
C64874884      none	B	[O:1]=[C:2]!@[O:3]~[C:4]	0.00279573	74.4927	-	-	-	-	G
C64874884      none	B	[cH1:1][c:2]([cH1])!@[CX3:3]=[O:4]	0.281352	14.2319	-	-	-	-	G
C64874884      none	B	[cH1:1][c:2]([cH1])!@[NX3:3][a:4]	89.9945	0.750234	-	-	-	-	O
C64874884      none	B	[cH1:1][c:2]([cH0])!@[NX3:3][a:4]	60.2775	2.49688	-	-	-	-	O
C02546529      none	B	[cH1:1][c:2]([cH1])!@[NX3:3][CX4:4]	59.9208	1.23291	-	-	-	-	O
C02546529      none	B	[cH1:1][a:2]([cH1])!@[a:3]([cH1])[cH0:4]	-60.0084	6.36499	-	-	-	-	G
C02546529      none	B	[O-:1][N+:2](=O)!@[c:3]([cH,nX2H0])[cH,nX2H0:4]	-179.604	23.2156	-	-	-	-	G
C40477100      none	B	[cH1:1][c:2]([cH1])!@[NX3:3][CX4:4]	0.000805473	14.0646	-	-	-	-	G
C40477100      none	B	[!#1:1][CX4H2:2]!@[NX3H1:3][!#1:4]	180	11.3535	-	-	-	-	G
C40477100      none	B	[cH0:1][c:2]!@[CX4H2:3][N,O,S:4]	-45.0046	1.84995	-	-	-	-	G
C00040203      none	B	[$(C=O):1][O:2]!@[c:3]~[*:4]	-60.01	3.51406	-	-	-	-	G
C00040203      none	B	[O-:1][N+:2](=O)!@[c:3]([cH,nX2H0])[cH,nX2H0:4]	179.991	23.2156	-	-	-	-	G
C00040203      none	B	[O:1]=[C:2]!@[O:3]~[!#1:4]	-30.0027	0.0844276	-	-	-	-	R
C00040203      none	B	[a:1][a:2]!@[CX3:3]=[O:4]	30.3256	2.37961	-	-	-	-	O
C27029261      none	B	[a:1][c:2]!@[CX4H2:3][!#1:4]	-90.005	7.30446	-	-	-	-	G
C27029261      none	B	[c:1][CX4H2:2]!@[OX2:3][c:4]	179.997	39.7757	-	-	-	-	G
C27029261      none	B	[cH0:1][c:2]([cH1])!@[O:3][C:4]	-120.282	0.327297	-	-	-	-	R
C00544011      none	B	[c:1][c:2]([cH0])!@[c:3][nX2H0:4]	150.551	2.03279	-	-	-	-	O
C00544011      none	B	[cH1:1][a:2]([cH1])!@[a:3]([sX2,o,nX2H0,nX3H1:4])([cH0])	-179.724	3.0303	-	-	-	-	G
C14183283      none	B	[cH1:1][c:2]([cH0])!@[NX3:3][a:4]	-30.0261	5.36829	-	-	-	-	G
C14183283      none	B	[a:1][a:2]!@[NX3:3][!#1:4]	0.326578	10.9271	-	-	-	-	G
C14183283      none	B	[aH0:1][c:2]([aH0])!@[SX2:3][!#1:4]	150.002	0.567303	-	-	-	-	O
C14183283      none	B	[!#1:1][CX4:2]!@[SX2:3][!#1:4]	-79.9935	6.01214	-	-	-	-	G
C06284065      none	B	[a:1][a:2]!@[CX3:3]=[O:4]	30.0072	2.37961	-	-	-	-	G
C06284065      none	B	[O:1]=[C:2]!@[O:3]~[!#1:4]	-0.00277367	73.7697	-	-	-	-	G
C06284065      none	B	[$(C=O):1][O:2]!@[c:3]~[*:4]	-59.9948	3.51406	-	-	-	-	G
C07637130      none	B	[aH0:1][c:2]([aH0])!@[SX2:3][!#1:4]	120	1.75348	-	-	-	-	G
C07637130      none	B	[!#1:1][CX4:2]!@[SX2:3][!#1:4]	80.0009	6.41197	-	-	-	-	G
C07637130      none	B	[a:1][c:2]!@[CX4H2:3][!#1:4]	90.2991	7.24386	-	-	-	-	G
C07637130      none	B	[c:1][c:2]!@[c:3][s,o,nX3H1:4]	120.005	0.615501	-	-	-	-	O
CHEMBL45069      none	B	[C:1][CX4H2:2]!@[NX3;"N_lp":3][C:4]	59.9983	4.78632	-	-	-	-	G
CHEMBL45069      none	B	[!#1:1][CX4H2:2]!@[NX3H1;"N_lp":3][!#1:4]	59.9992	2.71454	-	-	-	-	G
CHEMBL45069      none	B	[a:1][c:2]!@[CX4H2:3][!#1:4]	90.3014	7.24386	-	-	-	-	G
CHEMBL45069      none	B	[cH1:1][c:2]([cH1])!@[O:3][C:4]	-0.00362367	26.3009	-	-	-	-	G
CHEMBL45069      none	B	[c:1][CX4H2:2]!@[OX2:3][c:4]	180	39.7757	-	-	-	-	G
CHEMBL45069      none	B	[a:1][c:2]!@[CX4H2:3][!#1:4]	150.277	1.43221	-	-	-	-	O
C15656841      none	B	[$(C=O):1][O:2]!@[c:3]~[*:4]	59.9941	3.13755	-	-	-	-	G
C15656841      none	B	[O:1]=[C:2]!@[O:3]~[!#1:4]	30.008	0.0844276	-	-	-	-	R
C15656841      none	B	[cH1:1][c:2]([cH1])!@[CX3:3]=[O:4]	90.2731	0.0874361	-	-	-	-	R
C32401168      none	B	[aH0:1][c:2]([aH1])!@[SX4:3][!#1:4]	69.9858	11.3606	-	-	-	-	G
C32401168      none	B	[*:1]~[OX2:2]!@[SX4:3]~[*:4]	160.001	2.391	-	-	-	-	G
C32401168      none	B	[cH1:1][c:2]([cH1])!@[O:3][S:4]	59.9983	1.6	-	-	-	-	G
C32401168      none	B	[O-:1][N+:2](=O)!@[c:3]([cH,nX2H0])[cH,nX2H0:4]	179.988	23.2156	-	-	-	-	G
C07729538      none	B	[c:1][c:2]!@[c:3][s,o,nX3H1:4]	120.005	0.615501	-	-	-	-	O
C07729538      none	B	[a:1][c:2]!@[CX4H2:3][!#1:4]	90.0028	7.24386	-	-	-	-	G
C07729538      none	B	[!#1:1][CX4:2]!@[SX2:3][!#1:4]	79.9999	6.41197	-	-	-	-	G
C07729538      none	B	[aH0:1][c:2]([aH0])!@[SX2:3][!#1:4]	119.999	1.75348	-	-	-	-	G
C37215754      none	B	[cH0:1][c:2]([cH,nX2H0])!@[NX3H1:3][CX4:4]	-159.753	4.72103	-	-	-	-	O
C37215754      none	B	[!#1:1][CX4H2:2]!@[NX3H1:3][!#1:4]	179.999	11.3535	-	-	-	-	G
C37215754      none	B	[cH0:1][c:2]!@[CX4H2:3][N,O,S:4]	-45.0074	1.84995	-	-	-	-	G
C37215754      none	B	[O-:1][N+:2](=O)!@[c:3]([cH0])[cH,nX2H0:4]	90.0255	0.274725	-	-	-	-	O
C37124064      none	B	[cH1:1][c:2]([cH1])!@[NX3:3][CX4:4]	159.996	2.99518	-	-	-	-	G
C37124064      none	B	[!#1:1][CX4H2:2]!@[NX3H1:3][!#1:4]	149.999	1.87295	-	-	-	-	O
C37124064      none	B	[a:1][c:2]!@[CX4H2:3][!#1:4]	-179.675	2.35335	-	-	-	-	O
C62702412      none	B	[a:1][c:2]!@[CX4H2:3][!#1:4]	-44.9931	1.62815	-	-	-	-	O
C62702412      none	B	[!#1:1][CX4H2:2]!@[NX3H1:3][!#1:4]	179.999	11.3535	-	-	-	-	G
C62702412      none	B	[cH0:1][c:2]([cH,nX2H0])!@[NX3H1:3][CX4:4]	180	49.7854	-	-	-	-	G
C62702412      none	B	[O-:1][N+:2](=O)!@[c:3]([cH0])[cH,nX2H0:4]	90.2811	0.274725	-	-	-	-	O
C12431209      none	B	[!#1:1][CX4:2]!@[SX2:3][!#1:4]	159.995	2.91722	-	-	-	-	G
C12431209      none	B	[!#1:1][CX4H2:2]!@[CX4H2:3][!#1:4]	-59.9972	3.77933	-	-	-	-	G
C12431209      none	B	[$([CX3]=O):1][NX3H1:2]!@[CX4H2:3][C:4] 	-150.002	1.7769	-	-	-	-	O
C12431209      none	B	[O:1]=[CX3:2]!@[NX3H1:3][!#1:4]	0.001026	63.7893	-	-	-	-	G
C12431209      none	B	[a:1][c:2]!@[C:3]([NH1,NH2])=[O:4]	0.321966	9.67683	-	-	-	-	G
C12431209      none	B	[a:1][c:2]!@[CX4H2:3][!#1:4]	45.0013	2.0463	-	-	-	-	O
C12431209      none	B	[c:1][CX4H2:2]!@[OX2:3][c:4]	120.004	0.172563	-	-	-	-	R
C12431209      none	B	[cH0:1][c:2]([cH1])!@[O:3][C:4]	119.722	0.35639	-	-	-	-	R
C32173385      none	B	[a:1][c:2]!@[CX4H2:3][!#1:4]	-44.9968	1.62815	-	-	-	-	O
C32173385      none	B	[!#1:1][CX4:2]!@[SX2:3][!#1:4]	-159.999	3.18377	-	-	-	-	G
C32173385      none	B	[aH0:1][c:2]([aH0])!@[SX2:3][!#1:4]	180	14.0278	-	-	-	-	G
C32173385      none	B	[O-:1][N+:2](=O)!@[c:3]([cH,nX2H0])[cH,nX2H0:4]	179.969	23.2156	-	-	-	-	G
C66260453      none	B	[c:1][c:2]!@[c:3][s,o,nX3H1:4]	179.997	12.4984	-	-	-	-	G
C66260453      none	B	[aH0:1][c:2]([aH0])!@[SX2:3][!#1:4]	2.71726e-05	13.1253	-	-	-	-	G
C66260453      none	B	[!#1:1][CX4:2]!@[SX2:3][!#1:4]	-80.0026	6.01214	-	-	-	-	G
C66260453      none	B	[a:1][c:2]!@[CX4H1:3][H:4]	119.994	1.00725	-	-	-	-	G
C59518489      none	B	[*:1]~[cX3:2]!@[NX2:3]~[*:4]	-59.9998	1.53044	-	-	-	-	O
C59518489      none	B	[*:1]~[CX3:2]!@[cX3:3]~[*:4]	30.3294	2.3246	-	-	-	-	O
C59518489      none	B	[O-:1][N+:2](=O)!@[c:3][a:4]	-0.00329219	18.5814	-	-	-	-	G
C10845956      none	B	[cH0:1][c:2]!@[CX4H2:3][N,O,S:4]	-90.0002	7.87941	-	-	-	-	G
C10845956      none	B	[!#1:1][CX4:2]!@[SX2:3][!#1:4]	160.003	2.91722	-	-	-	-	G
C10845956      none	B	[aH0:1][c:2]([aH0])!@[SX2:3][!#1:4]	-90.0071	3.32646	-	-	-	-	G
C10845956      none	B	[c:1][c:2]!@[c:3][s,o,nX3H1:4]	-59.5013	0.590378	-	-	-	-	O
C49963602      none	B	[cH1:1][c:2]([cH1])!@[NX3:3][CX4:4]	-0.0110805	14.0646	-	-	-	-	G
C49963602      none	B	[!#1:1][CX4H2:2]!@[NX3H1:3][!#1:4]	180	11.3535	-	-	-	-	G
C49963602      none	B	[cH0:1][c:2]!@[CX4H2:3][N,O,S:4]	-44.9949	3.01473	-	-	-	-	G
C49963602      none	B	[O-:1][N+:2](=O)!@[c:3]([cH,nX2H0])[cH,nX2H0:4]	179.974	23.2156	-	-	-	-	G
CHEMBL16541      none	B	[a:1][c:2]!@[CX4H2:3][!#1:4]	150.03	1.43221	-	-	-	-	O
CHEMBL16541      none	B	[c:1][CX4H2:2]!@[OX2:3][c:4]	179.992	39.7757	-	-	-	-	G
CHEMBL16541      none	B	[cH1:1][c:2]([cH1])!@[O:3][C:4]	-179.726	26.896	-	-	-	-	G
CHEMBL16541      none	B	[cH1:1][c:2]([cH1])!@[CX3:3]=[NX2:4]	150.273	2.10453	-	-	-	-	G
CHEMBL16541      none	B	[C:1][CX4H2:2]!@[NX3:3][C:4]	-150.015	1.70085	-	-	-	-	G
CHEMBL16541      none	B	[!#1:1][CX4H2:2]!@[CX4H2:3][!#1:4]	-60.0038	3.77933	-	-	-	-	G
C01085078      none	B	[$(C=O):1][NX3H1:2]!@[c:3]([cH1])[cH1:4]	149.98	5.05437	-	-	-	-	G
C01085078      none	B	[O-:1][N+:2](=O)!@[c:3]([cH,nX2H0])[cH,nX2H0:4]	180	23.2156	-	-	-	-	G
C01085078      none	B	[O:1]=[CX3:2]!@[NX3H1:3][!#1:4]	-0.0069875	63.7893	-	-	-	-	G
C01085078      none	B	[!#1:1][CX4H2:2]!@[CX3:3]=[O:4]	-150	0.689004	-	-	-	-	O
C01085078      none	B	[!#1:1][CX4:2]!@[SX2:3][!#1:4]	-149.997	1.30312	-	-	-	-	G
C01085078      none	B	[aH1:1][c:2]([aH1])!@[SX2:3][!#1:4]	120.268	2.09614	-	-	-	-	O
C48399124      none	B	[a:1][c:2]!@[CX4H2:3][!#1:4]	-44.995	1.62815	-	-	-	-	O
C48399124      none	B	[!#1:1][CX4H2:2]!@[NX3H1:3][!#1:4]	179.998	11.3535	-	-	-	-	G
C48399124      none	B	[a:1][a:2]!@[NX3:3][!#1:4]	-179.738	11.4213	-	-	-	-	G
C03591048      none	B	[cH0:1][c:2]([cH1])!@[CX3:3]=[O:4]	0.00537274	19.7084	-	-	-	-	G
C03591048      none	B	[!#1:1][CX4H2:2]!@[CX3:3]=[O:4]	0.000543371	19.1789	-	-	-	-	G
C03591048      none	B	[!#1:1][CH2:2]!@[n:3][cH0:4]	135.271	0.318742	-	-	-	-	R
C03564549      none	B	[cH1:1][c:2]([cH1])!@[CX3:3]=[O:4]	0.00547297	14.2319	-	-	-	-	G
C03564549      none	B	[O:1]=[C:2]!@[O:3]~[C:4]	59.9954	0.00468626	-	-	-	-	R
C03564549      none	B	[$(C=O):1][O:2]!@[CH2:3]~[C:4]	-149.995	2.4514	-	-	-	-	G
C03564549      none	B	[OX2:1][CX4H2:2]!@[CX4H2:3][OX2:4]	60.0016	8.22123	-	-	-	-	G
C03564549      none	B	[C:1][CX4H2:2]!@[OX2:3][c:4]	149.998	0.884397	-	-	-	-	O
C03564549      none	B	[cH1:1][c:2]([cH1])!@[O:3][C:4]	-149.726	0.243246	-	-	-	-	R
C51717899      none	B	[n,o,s:1][c:2]!@[CX4H2:3][CX4:4]	89.995	4.03889	-	-	-	-	G
C51717899      none	B	[a:1][c:2]!@[CX4H2:3][!#1:4]	-45.004	1.96752	-	-	-	-	O
C51717899      none	B	[!#1:1][CX4H2:2]!@[NX3H1:3][!#1:4]	-149.996	1.95018	-	-	-	-	O
C51717899      none	B	[cH0:1][c:2]([cH,nX2H0])!@[NX3H1:3][CX4:4]	159.997	3.7196	-	-	-	-	O
C51717899      none	B	[O-:1][N+:2](=O)!@[c:3]([cH0])[cH,nX2H0:4]	89.7411	0.274725	-	-	-	-	O
C19907619      none	B	[C:1][CX4H2:2]!@[OX2:3][c:4]	120	0.336913	-	-	-	-	R
C19907619      none	B	[cH1:1][c:2](cO)!@[O:3][C:4]	-30.0028	0.458851	-	-	-	-	O
C19907619      none	B	[cH0:1][c:2]!@[CX4H2:3][N,O,S:4]	135.279	0.650908	-	-	-	-	G
C19907619      none	B	[!#1:1][CX4H2:2]!@[NX3H1:3][!#1:4]	179.999	11.3535	-	-	-	-	G
C19907619      none	B	[cH0:1][c:2]([cH,nX2H0])!@[NX3H1:3][CX4:4]	-160.004	4.72103	-	-	-	-	O
C36966982      none	B	[cH0:1][c:2]([cH,nX2H0])!@[NX3H1:3][CX4:4]	179.973	49.7854	-	-	-	-	G
C36966982      none	B	[O-:1][N+:2](=O)!@[c:3]([cH0])[cH,nX2H0:4]	-0.032877	12.6374	-	-	-	-	G
C36966982      none	B	[!#1:1][CX4H2:2]!@[NX3H1:3][!#1:4]	179.997	11.3535	-	-	-	-	G
C36966982      none	B	[a:1][c:2]!@[CX4H2:3][!#1:4]	-44.6966	1.62815	-	-	-	-	O
C37205574      none	B	[a:1][c:2]!@[CX4H2:3][!#1:4]	-0.000246178	2.24426	-	-	-	-	O
C37205574      none	B	[!#1:1][CX4:2]!@[SX2:3][!#1:4]	160.003	2.91722	-	-	-	-	G
C37205574      none	B	[aH1:1][c:2]([aH0])!@[SX2:3][!#1:4]	-30.0059	1.8677	-	-	-	-	O
C37019670      none	B	[a:1][ar6:2]!@[ar5:3][a:4]	30.2762	2.76454	-	-	-	-	G
C37019670      none	B	[cH1:1][c:2]([cH1])!@[NX3:3][CX4:4]	-160.005	2.66685	-	-	-	-	G
C37019670      none	B	[!#1:1][CX4H2:2]!@[NX3H1:3][!#1:4]	150.002	1.87295	-	-	-	-	O
C37019670      none	B	[a:1][c:2]!@[CX4H2:3][!#1:4]	-44.7059	1.62815	-	-	-	-	O
C63461708      none	B	[!#1:1][CX4:2]!@[CX4:3][!#1:4]	-59.9997	12.2558	-	-	-	-	G
C63461708      none	B	[!#1:1][CX4H2:2]!@[CX4H2:3][!#1:4]	179.999	58.554	-	-	-	-	G
C63461708      none	B	[n,o,s:1][c:2]!@[CX4H2:3][CX4:4]	-89.6883	5.3104	-	-	-	-	G
C63461708      none	B	[a:1][c:2]!@[CX4H2:3][!#1:4]	134.993	1.8443	-	-	-	-	O
C63461708      none	B	[!#1:1][CX4H2:2]!@[NX3H1:3][!#1:4]	149.999	1.87295	-	-	-	-	O
C63461708      none	B	[cH1:1][c:2]([cH1])!@[NX3:3][CX4:4]	20.2852	2.88127	-	-	-	-	G
C37188489      none	B	[cH1:1][c:2]([cH1])!@[NX3:3][CX4:4]	0.00203842	14.0646	-	-	-	-	G
C37188489      none	B	[!#1:1][CX4H2:2]!@[NX3H1:3][!#1:4]	179.998	11.3535	-	-	-	-	G
C37188489      none	B	[a:1][c:2]!@[CX4H2:3][!#1:4]	-44.7216	1.62815	-	-	-	-	O
C05427475      none	B	[a:1][c:2]!@[CX4H2:3][!#1:4]	-90.0054	7.30446	-	-	-	-	G
C05427475      none	B	[!#1:1][CX4:2]!@[SX2:3][!#1:4]	-159.996	3.18377	-	-	-	-	G
C05427475      none	B	[aH1:1][c:2]([aH1])!@[SX2:3][!#1:4]	-119.721	2.48742	-	-	-	-	G
C00083740      none	B	[aH1:1][c:2]([aH0])!@[SX2:3][!#1:4]	-149.996	0.466926	-	-	-	-	R
C00083740      none	B	[!#1:1][CX4:2]!@[SX2:3][!#1:4]	160.002	2.91722	-	-	-	-	G
C00083740      none	B	[cH0:1][c:2]!@[CX4H2:3][N,O,S:4]	135.31	0.650908	-	-	-	-	G
C44978507      none	B	[a:1][c:2]!@[CX4H1:3][H:4]	60.0086	1.05062	-	-	-	-	G
C44978507      none	B	[a:1][c:2]!@[CX4H2:3][!#1:4]	135	1.69481	-	-	-	-	O
C44978507      none	B	[!#1:1][CX4H2:2]!@[NX3H1:3][!#1:4]	150.001	1.87295	-	-	-	-	O
C44978507      none	B	[cH1:1][c:2]([cH1])!@[NX3:3][CX4:4]	-159.72	2.66685	-	-	-	-	O
C14288163      none	B	[cH0:1][c:2]([cH1])!@[O:3][C:4]	90.0056	0.6255	-	-	-	-	R
C14288163      none	B	[cH0:1][c:2]!@[CX4H2:3][N,O,S:4]	134.973	0.685166	-	-	-	-	G
C14288163      none	B	[cH0:1][c:2]([cH1])!@[O:3][C:4]	179.998	48.7454	-	-	-	-	G
C14288163      none	B	[c:1][CX4H2:2]!@[OX2:3][!#1:4]	160.001	5.34979	-	-	-	-	G
C14288163      none	B	[*:1]~[NX2:2]!@[OX2:3]~[*:4]	180	49.4817	-	-	-	-	G
C14288163      none	B	[cH1:1][c:2]([cH1])!@[CX3:3]=[NX2:4]	-179.727	13.9437	-	-	-	-	G
C12658977      none	B	[!#1:1][CH2:2]!@[n:3][cH0:4]	-135.002	0.148746	-	-	-	-	R
C12658977      none	B	[!#1:1][CX4H2:2]!@[CX3:3]=[O:4]	-60.0073	1.45352	-	-	-	-	G
C12658977      none	B	[O:1]=[C:2]!@[O:3]~[C:4]	29.9964	0.0796663	-	-	-	-	R
C12658977      none	B	[c:1][CX4H2:2]!@[OX2:3][C:4]	-89.9945	3.11728	-	-	-	-	G
C12658977      none	B	[a:1][c:2]!@[CX4H2:3][!#1:4]	-89.7285	7.30446	-	-	-	-	G
C37060844      none	B	[O-:1][N+:2](=O)!@[c:3]([cH0])[cH,nX2H0:4]	-0.000998074	12.6374	-	-	-	-	G
C37060844      none	B	[cH1:1][c:2]([cH1])!@[NX3:3][CX4:4]	180	14.7347	-	-	-	-	G
C37060844      none	B	[!#1:1][CX4H2:2]!@[NX3H1:3][!#1:4]	150	1.87295	-	-	-	-	O
C37060844      none	B	[a:1][c:2]!@[CX4H2:3][!#1:4]	-44.6795	1.62815	-	-	-	-	O
C39893193      none	B	[cH0:1][c:2]!@[CX4H2:3][CX3:4]	-90.0031	9.62567	-	-	-	-	G
C39893193      none	B	[c:1][CX4H2:2]!@[CX3:3]=[O:4]	90.0005	2.13675	-	-	-	-	G
C39893193      none	B	[O:1]=[C:2]!@[O:3]~[!#1:4]	59.9997	0.00444356	-	-	-	-	R
C39893193      none	B	[$(C=O):1][O:2]!@[c:3]~[*:4]	-60.0011	3.51406	-	-	-	-	G
C52060940      none	B	[cH0:1][c:2]!@[CX4H2:3][N,O,S:4]	179.998	6.20075	-	-	-	-	G
C52060940      none	B	[!#1:1][CX4H2:2]!@[NX3H1:3][!#1:4]	120.003	2.00811	-	-	-	-	O
C52060940      none	B	[a:1][a:2]!@[NX3:3][!#1:4]	-179.732	11.4213	-	-	-	-	G
C49858656      none	B	[cH0:1][c:2]([cH,nX2H0])!@[NX3H1:3][CX4:4]	-160.001	4.72103	-	-	-	-	O
C49858656      none	B	[!#1:1][CX4H2:2]!@[NX3H1:3][!#1:4]	179.998	11.3535	-	-	-	-	G
C49858656      none	B	[a:1][c:2]!@[CX4H2:3][!#1:4]	135.311	1.69481	-	-	-	-	O
C36138689      none	B	[cH0:1][c:2]([cH,nX2H0])!@[NX3H1:3][CX4:4]	179.974	49.7854	-	-	-	-	G
C36138689      none	B	[!#1:1][CX4H2:2]!@[NX3H1:3][!#1:4]	179.999	11.3535	-	-	-	-	G
C36138689      none	B	[cH0:1][c:2]!@[CX4H2:3][N,O,S:4]	-44.9968	3.01473	-	-	-	-	G
C36138689      none	B	[O-:1][N+:2](=O)!@[c:3]([cH,nX2H0])[cH,nX2H0:4]	179.98	23.2156	-	-	-	-	G
C40887118      none	B	[cH1:1][c:2]([cH0])!@[O:3][c:4]	-60.0171	3.44086	-	-	-	-	G
C40887118      none	B	[aH0:1][c:2]!@[OX2:3][!#1:4]	-0.00426518	2.68047	-	-	-	-	G
C40887118      none	B	[a:1][c:2]!@[CX4H2:3][!#1:4]	-0.00389002	2.24426	-	-	-	-	O
C36244793      none	B	[c:1][c:2]!@[c:3]([cH0])[nX2H0:4]	150	3.78788	-	-	-	-	G
C36244793      none	B	[cH0:1][c:2]([cH1])!@[O:3][C:4]	89.9939	0.6255	-	-	-	-	R
C36244793      none	B	[a:1][a:2]!@[CX3:3]=[O:4]	-89.9946	0.672614	-	-	-	-	R
C40887127      none	B	[cH1:1][c:2]([cH1])!@[O:3][c:4]	-44.9851	2.5759	-	-	-	-	G
C40887127      none	B	[aH0:1][c:2]!@[OX2:3][!#1:4]	-0.0202674	2.68047	-	-	-	-	G
C40887127      none	B	[a:1][c:2]!@[CX4H2:3][!#1:4]	90.0104	7.24386	-	-	-	-	G
C01331864      none	B	[cH1:1][c:2]([cH1])!@[CX3:3]=[O:4]	0.00147073	14.2319	-	-	-	-	G
C01331864      none	B	[!#1:1][CX4H2:2]!@[CX3:3]=[O:4]	0.00383427	19.1789	-	-	-	-	G
C01331864      none	B	[!#1:1][CH2:2]!@[n:3][cH0:4]	135.271	0.318742	-	-	-	-	R
C51510728      none	B	[O:1]=[C:2]!@[NX3H0:3]([a:4])[A]	-150.12	3.17023	-	-	-	-	G
C51510728      none	B	[O:1][CX4:2]!@[CX3:3]=[O:4]	29.9813	2.80888	-	-	-	-	G
C51510728      none	B	[$(C=O):1][O:2]!@[CH2:3]~[C:4]	-89.9888	4.43359	-	-	-	-	G
C51510728      none	B	[O:1]=[C:2]!@[O:3]~[C:4]	-0.00818709	74.4927	-	-	-	-	G
C51510728      none	B	[*^2:1]~[C^2:2]([!H])!@[C^2:3]~[*^2:4]	0.00872656	20.0453	-	-	-	-	G
C51510728      none	B	[a:1][a:2]!@[CX3:3]=[CX3H1:4]	-29.7123	2.14556	-	-	-	-	G
C38532591      none	B	[a:1][c:2]!@[CX4H2:3][!#1:4]	-89.9951	7.30446	-	-	-	-	G
C38532591      none	B	[!#1:1][CX4:2]!@[SX2:3][!#1:4]	80.0034	6.41197	-	-	-	-	G
C38532591      none	B	[aH1:1][c:2]([aH0])!@[SX2:3][!#1:4]	90.0005	1.8677	-	-	-	-	G
C38532591      none	B	[cH1,nX2H0:1][c:2]([cH1,nX2H0])!@[NX3r:3][*:4]	150.269	1.71312	-	-	-	-	O
C39956729      none	B	[O-:1][N+:2](=O)!@[c:3]([cH0])[cH,nX2H0:4]	0.0332351	12.6374	-	-	-	-	G
C39956729      none	B	[cH0:1][c:2]([cH,nX2H0])!@[NX3H1:3][CX4:4]	179.999	49.7854	-	-	-	-	G
C39956729      none	B	[!#1:1][CX4H2:2]!@[NX3H1:3][!#1:4]	179.998	11.3535	-	-	-	-	G
C39956729      none	B	[a:1][c:2]!@[CX4H2:3][!#1:4]	150.28	1.43221	-	-	-	-	O
C06114845      none	B	[aH0:1][c:2]([aH0])!@[SX2:3][!#1:4]	120.002	1.75348	-	-	-	-	G
C06114845      none	B	[!#1:1][CX4:2]!@[SX2:3][!#1:4]	89.9995	2.8728	-	-	-	-	G
C06114845      none	B	[!#1:1][CX4H2:2]!@[CX3:3]=[O:4]	-60.0025	1.45352	-	-	-	-	G
C06114845      none	B	[cH1:1][c:2]([cH1])!@[CX3:3]=[O:4]	-59.7142	0.295938	-	-	-	-	R
C62702161      none	B	[cH1:1][c:2]([cH1])!@[NX3:3][CX4:4]	-20.0011	3.00858	-	-	-	-	G
C62702161      none	B	[cH1:1][a:2]([cH1])!@[a:3]([cH1])[cH1:4]	180	10.9707	-	-	-	-	G
C62702161      none	B	[!#1:1][CX4H2:2]!@[NX3H1:3][!#1:4]	-150.002	1.95018	-	-	-	-	O
C62702161      none	B	[a:1][c:2]!@[CX4H2:3][!#1:4]	-44.7172	1.62815	-	-	-	-	O
C49334708      none	B	[aH1:1][c:2]([aH1])!@[SX4:3][!#1:4]	89.9957	12.916	-	-	-	-	G
C49334708      none	B	[*:1]~[OX2:2]!@[SX4:3]~[*:4]	159.994	2.391	-	-	-	-	G
C49334708      none	B	[cH1:1][c:2]([cH1])!@[O:3][S:4]	60.003	1.6	-	-	-	-	G
C49334708      none	B	[O-:1][N+:2](=O)!@[c:3]([cH0])[cH,nX2H0:4]	90.021	0.274725	-	-	-	-	O
C55963263      none	B	[a:1][a:2]!@[CX3:3]=[CX3H1:4]	-59.987	1.10784	-	-	-	-	O
C55963263      none	B	[!#1:1]~[CX3:2]!@[SX4:3]~[!#1:4]	29.9935	1.85841	-	-	-	-	G
C55963263      none	B	[*:1]~[OX2:2]!@[SX4:3]~[*:4]	-159.999	2.64885	-	-	-	-	G
C55963263      none	B	[cH1:1][c:2]([cH0])!@[O:3][S:4]	89.9994	9.79381	-	-	-	-	G
C55963263      none	B	[cH1:1][c:2](cO)!@[O:3][C:4]	0.233422	49.3635	-	-	-	-	G
C62365275      none	B	[cH1:1][c:2]([cH1])!@[O:3][c:4]	-134.999	1.88592	-	-	-	-	G
C62365275      none	B	[aH0:1][c:2]!@[OX2:3][!#1:4]	135.284	0.316936	-	-	-	-	R
C49055937      none	B	[!#1:1][CX4:2]!@[CX4:3][!#1:4]	-40.0004	0.976141	-	-	-	-	G
C49055937      none	B	[$(C=O):1][O:2]!@[CH2:3]~[C:4]	180	23.3458	-	-	-	-	G
C49055937      none	B	[O:1]=[C:2]!@[O:3]~[C:4]	29.9935	0.0796663	-	-	-	-	R
C49055937      none	B	[cH1:1][c:2]([cH1])!@[CX3:3]=[O:4]	-179.689	13.4921	-	-	-	-	G
C49055937      none	B	[cH1:1][a:2]([cH1])!@[a:3]([sX2,o,nX2H0,nX3H1:4])([cH1])	150.265	3.58076	-	-	-	-	G
C61096734      none	B	[cH1:1][c:2]([cH1])!@[NX3:3][CX4:4]	180	14.7347	-	-	-	-	G
C61096734      none	B	[!#1:1][CX4H2:2]!@[NX3H1:3][!#1:4]	180	11.3535	-	-	-	-	G
C61096734      none	B	[cH0:1][c:2]!@[CX4H2:3][N,O,S:4]	-45.001	1.84995	-	-	-	-	G
C14901970      none	B	[a:1][c:2]!@[CX4H2:3][!#1:4]	-45.0013	1.96752	-	-	-	-	O
C14901970      none	B	[*:1]~[CX4:2]!@[n:3]~[*:4]	-150.002	3.13346	-	-	-	-	G
C14901970      none	B	[!#1:1][CX4:2]!@[SX2:3][!#1:4]	160.001	2.91722	-	-	-	-	G
C14901970      none	B	[aH0:1][c:2]([aH0])!@[SX2:3][!#1:4]	-0.00221309	13.1253	-	-	-	-	G
C00153095      none	B	[s:1][c:2]([aX2,cH1])!@[CX3:3](O)=[O:4]	-120.035	0	-	-	-	-	R
C00153095      none	B	[O:1]=[C:2]!@[O:3]~[!#1:4]	-0.000631911	73.7697	-	-	-	-	G
C00153095      none	B	[$(C=O):1][O:2]!@[c:3]~[*:4]	90.0002	8.88554	-	-	-	-	G
C49894971      none	B	[cH1:1][c:2]([cH1])!@[c:3]([cH1:4])[cH1]	-29.7216	8.20146	-	-	-	-	G
C49894971      none	B	[cH0:1][c:2]([cH1])!@[O:3][C:4]	90.0032	0.6255	-	-	-	-	R
C49894971      none	B	[cH0:1][c:2]([cH,nX2H0])!@[NX3H0:3][CX4:4]	-179.683	4.9564	-	-	-	-	G
C61747138      none	B	[$(C=O):1][NX3H1:2]!@[c:3]([cH0]F)[cH:4]	30.0054	10.5263	-	-	-	-	G
C61747138      none	B	[O:1]=[CX3:2]([$([NX3H1]C)])!@[NX3H1:3][!#1:4]	0.00480426	41.1343	-	-	-	-	G
C61747138      none	B	[O:1]=[CX3:2]([$([NX3H1]C)])!@[NX3H1:3][!#1:4]	-0.00586954	41.1343	-	-	-	-	G
C61747138      none	B	[$(C=O):1][NX3H1:2]!@[CX4H1:3][H:4]	59.998	6.22422	-	-	-	-	G
C61747138      none	B	[CX4:1][CX4H2:2]!@[NX3;"N_lp":3][CX4:4]	-80.0056	8.1206	-	-	-	-	G
C40571529      none	B	[cH1:1][c:2]([cH1])!@[NX3:3][a:4]	-59.9985	3.06346	-	-	-	-	G
C40571529      none	B	[a:1][a:2]!@[NX3:3][!#1:4]	-149.716	1.91104	-	-	-	-	O
C40571529      none	B	[O-:1][N+:2](=O)!@[c:3]([cH0])[cH0:4]	-0.0289166	4.36992	-	-	-	-	G
C37715877      none	B	[aH0:1][c:2]([aH0])!@[SX2:3][!#1:4]	179.999	14.0278	-	-	-	-	G
C37715877      none	B	[aH1:1][c:2]([aH1])!@[SX2:3][!#1:4]	-29.9986	2.06819	-	-	-	-	G
C54109590      none	B	[cH1:1][c:2]([cH1])!@[NX3:3][a:4]	-119.997	2.53204	-	-	-	-	G
C54109590      none	B	[a:1][a:2]!@[NX3:3][!#1:4]	-119.722	1.58818	-	-	-	-	O
C35648670      none	B	[cH0:1][c:2]!@[CX4H2:3][N,O,S:4]	179.996	6.20075	-	-	-	-	G
C35648670      none	B	[O-:1][N+:2](=O)!@[c:3]([cH0])[cH,nX2H0:4]	0.206375	12.6374	-	-	-	-	G
C35648670      none	B	[!#1:1][CX4H2:2]!@[NX3H1:3][!#1:4]	119.998	2.00811	-	-	-	-	O
C35648670      none	B	[cH1:1][c:2]([cH1])!@[NX3:3][CX4:4]	-159.723	2.66685	-	-	-	-	O
C35648670      none	B	[aH1:1][c:2]([aH1])!@[SX2:3][!#1:4]	-60.0207	2.06819	-	-	-	-	G
C61122098      none	B	[cH1:1][c:2]([cH0])!@[NX3:3][a:4]	-59.9911	2.74657	-	-	-	-	O
C61122098      none	B	[a:1][a:2]!@[NX3:3][!#1:4]	-149.731	1.91104	-	-	-	-	O
C61122098      none	B	[O-:1][N+:2](=O)!@[c:3]([cH0])[cH0:4]	-0.0287238	4.36992	-	-	-	-	G
C37104405      none	B	[cH0:1][c:2]!@[CX4H2:3][CX4:4]	90.0041	18.5823	-	-	-	-	G
C37104405      none	B	[cH1:1][c:2]([cH1])!@[NX3:3][CX4:4]	-159.991	2.66685	-	-	-	-	G
C37104405      none	B	[O-:1][N+:2](=O)!@[c:3]([cH0])[cH,nX2H0:4]	90.2262	0.274725	-	-	-	-	O
C37104405      none	B	[!#1:1][CX4H2:2]!@[NX3H1:3][!#1:4]	149.996	1.87295	-	-	-	-	O
C37104405      none	B	[cH0:1][c:2]!@[CX4H2:3][N,O,S:4]	134.993	0.685166	-	-	-	-	G
C37201794      none	B	[cH1:1][c:2]([cH1])!@[NX3:3][CX4:4]	179.999	14.7347	-	-	-	-	G
C37201794      none	B	[!#1:1][CX4H2:2]!@[NX3H1:3][!#1:4]	150.003	1.87295	-	-	-	-	O
C37201794      none	B	[cH0:1][c:2]!@[CX4H2:3][N,O,S:4]	135	0.685166	-	-	-	-	G
C37201794      none	B	[O-:1][N+:2](=O)!@[c:3]([cH0])[cH,nX2H0:4]	90.0211	0.274725	-	-	-	-	O
C04866640      none	B	[c:1][c:2]!@[c:3][s,o,nX3H1:4]	-0.000194467	17.837	-	-	-	-	G
CHEMBL513549      none	B	[$([cH0](=O)):1][c:2]([cH1])!@[CX3:3]([NX3H1,NX3H2])=[O:4]	-60.0305	0	-	-	-	-	R
CHEMBL513549      none	B	[O:1]=[CX3:2]!@[NX3H1:3][!#1:4]	0.00763399	63.7893	-	-	-	-	G
CHEMBL513549      none	B	[$(C=O):1][NX3:2]!@[a:3][aH0:4]	-119.725	2.3332	-	-	-	-	G
C48589154      none	B	[$(C=O):1][NX3H1:2]!@[c:3]([cH1])[cH1:4]	-29.9626	5.05437	-	-	-	-	G
C48589154      none	B	[O:1]=[CX3:2]!@[NX3H1:3][!#1:4]	0.0145511	63.7893	-	-	-	-	G
C48589154      none	B	[O:1]=[CX3:2]!@[CX3:3]=[O:4]	179.995	38.5813	-	-	-	-	G
C48589154      none	B	[O:1]=[CX3:2]!@[NX3H1:3][!#1:4]	0.00519145	63.7893	-	-	-	-	G
C48589154      none	B	[$(C=O):1][NX3H1:2]!@[CX4H1:3][H:4]	29.9963	9.46757	-	-	-	-	G
C60205625      none	B	[cH1:1][c:2]([cH1])!@[NX3:3][CX4:4]	20.0008	2.88127	-	-	-	-	G
C60205625      none	B	[!#1:1][CX4H2:2]!@[NX3H1:3][!#1:4]	119.998	2.00811	-	-	-	-	O
C60205625      none	B	N[C:2](=[O:1])!@[CH2:3][N:4]	30.0073	5.20833	-	-	-	-	G
C60205625      none	B	[O:1]=[CX3:2]!@[NX3H0:3][!#1:4]	0.274148	25.0866	-	-	-	-	G
C59508300      none	B	[*:1]~[cX3:2]!@[NX2:3]~[*:4]	90.0078	1.96062	-	-	-	-	O
C59508300      none	B	[*:1]~[CX3:2]!@[cX3:3]~[*:4]	60.3173	1.20252	-	-	-	-	O
CHEMBL466872      none	B	[a:1][a:2]!@[CX3:3]=[CX3H1:4]	-19.9966	3.14121	-	-	-	-	G
CHEMBL466872      none	B	[a:1][a:2]!@[CX3:3]=[CX3H1:4]	-19.9974	3.14121	-	-	-	-	G
C02151406      none	B	[a:1][c:2]!@[CX4H0:3][CX4:4]	-119.725	5.28723	-	-	-	-	G
C02151406      none	B	[cH1:1][c:2]([cH1])!@[CX3:3]=[O:4]	120.005	0.410277	-	-	-	-	R
C02151406      none	B	[!#1:1][CX3:2]!@[SX2:3][!#1:4]	-149.998	0.338855	-	-	-	-	R
C02151406      none	B	[aH1:1][c:2]([aH0])!@[SX2:3][!#1:4]	29.999	1.8677	-	-	-	-	O
C07115918      none	B	[cH0:1][c:2]([cH1])!@[O:3][C:4]	179.994	48.7454	-	-	-	-	G
C07115918      none	B	[cH0:1][c:2]([cH,nX2H0])!@[NX3H1:3][CX4:4]	19.9959	0	-	-	-	-	R
C07115918      none	B	[!#1:1][CX4H2:2]!@[NX3H1:3][!#1:4]	150.002	1.87295	-	-	-	-	O
C07115918      none	B	[a:1][c:2]!@[CX4H2:3][!#1:4]	135.267	1.69481	-	-	-	-	O
C62801829      none	B	[cH1:1][c:2]([cH1])!@[CX4H2:3][CX4:4]	-89.992	11.9355	-	-	-	-	G
C62801829      none	B	[!#1:1][CX4:2]!@[CX4:3][!#1:4]	180	22.1548	-	-	-	-	G
C62801829      none	B	[a:1][c:2]!@[CX4H1:3][N,O:4]	-30.0001	3.61778	-	-	-	-	G
C51171263      none	B	[cH1:1][c:2]([cH1])!@[CX3:3]=[O:4]	-59.9928	0.295938	-	-	-	-	R
C51171263      none	B	[s:1][c:2]([aX2,cH1])!@[CX3:3]=[O:4]	-0.0132	46.5608	-	-	-	-	G
C20368555      none	B	[cH1:1][c:2]([cH0])!@[NX3:3][a:4]	-59.9984	2.74657	-	-	-	-	O
C20368555      none	B	[a:1][a:2]!@[NX3:3][!#1:4]	-149.727	1.91104	-	-	-	-	O
CHEMBL350093      none	B	[a:1][c:2]!@[CX4H2:3][!#1:4]	150.159	1.43221	-	-	-	-	O
CHEMBL350093      none	B	[c:1][CX4H2:2]!@[OX2:3][c:4]	-179.928	39.7757	-	-	-	-	G
CHEMBL350093      none	B	[cH1:1][c:2]([cH1])!@[O:3][C:4]	-179.969	26.896	-	-	-	-	G
CHEMBL350093      none	B	[cH1:1][c:2]([cH1])!@[CX3:3]=[NX2:4]	0.260092	14.4225	-	-	-	-	G
CHEMBL350093      none	B	[CX4:1][CX4H2:2]!@[NX3:3][CX4:4]	19.9753	0	-	-	-	-	R
CHEMBL350093      none	B	[!#1:1][CX4H2:2]!@[CX4H2:3][!#1:4]	180	58.554	-	-	-	-	G
C42142718      none	B	[a:1][c:2]!@[CX4H2:3][!#1:4]	-90.0042	7.30446	-	-	-	-	G
C42142718      none	B	[!#1:1][CX4:2]!@[SX2:3][!#1:4]	180	11.1654	-	-	-	-	G
C42142718      none	B	[aH0:1][c:2]([aH0])!@[SX2:3][!#1:4]	-120.003	1.95977	-	-	-	-	G
C61115804      none	B	[cH0:1][c:2]!@[CX4H2:3][N,O,S:4]	-44.9971	3.01473	-	-	-	-	G
C61115804      none	B	[O-:1][N+:2](=O)!@[c:3]([cH,nX2H0])[cH,nX2H0:4]	179.982	23.2156	-	-	-	-	G
C61115804      none	B	[!#1:1][CX4H2:2]!@[NX3H1:3][!#1:4]	179.999	11.3535	-	-	-	-	G
C61115804      none	B	[cH1:1][c:2]([cH1])!@[NX3:3][CX4:4]	-179.721	14.7347	-	-	-	-	G
C50454776      none	B	[cH1:1][c:2]([cH1])!@[NX3:3][a:4]	-60.0053	3.06346	-	-	-	-	G
C50454776      none	B	[a:1][a:2]!@[NX3:3][!#1:4]	-149.731	1.91104	-	-	-	-	O
C50454776      none	B	[O-:1][N+:2](=O)!@[c:3]([cH0])[cH0:4]	-0.0104081	4.36992	-	-	-	-	G
C08499289      none	B	[cH0:1][c:2]!@[CX4H2:3][N,O,S:4]	44.9788	3.35731	-	-	-	-	G
C08499289      none	B	[c:1][CX4H2:2]!@[OX2:3][C:4]	179.999	23.858	-	-	-	-	G
C08499289      none	B	[O:1]=[C:2]!@[O:3]~[C:4]	-29.9984	0.0890388	-	-	-	-	R
C08499289      none	B	[cH1:1][c:2]([cH1])!@[CX3:3]=[O:4]	-59.7324	0.295938	-	-	-	-	R
C40886583      none	B	[cH1:1][c:2]([cH0])!@[O:3][c:4]	-89.9757	3.22581	-	-	-	-	G
C40886583      none	B	[aH0:1][c:2]!@[OX2:3][!#1:4]	44.9932	0.151725	-	-	-	-	R
C40886583      none	B	[a:1][c:2]!@[CX4H2:3][!#1:4]	-89.9983	7.30446	-	-	-	-	G
C59497584      none	B	[cH0:1][c:2]([cH1])!@[CX3:3]=[O:4]	180	9.87877	-	-	-	-	G
C59497584      none	B	[O:1]=[C:2]!@[O:3]~[!#1:4]	30.0061	0.0844276	-	-	-	-	R
C59497584      none	B	[$(C=O):1][O:2]!@[c:3]~[*:4]	-60.0025	3.51406	-	-	-	-	G
C19922403      none	B	[a:1][c:2]!@[CX4H1:3][N,O:4]	90.0108	1.22453	-	-	-	-	G
C19922403      none	B	[!#1:1][CX4H1:2]!@[NX3:3][!#1:4]	150.008	2.7681	-	-	-	-	G
C19922403      none	B	[cH1:1][c:2]([cH1])!@[NX3:3][CX4:4]	-120	1.0788	-	-	-	-	O
C36867328      none	B	[cH0:1][c:2]!@[CX4H2:3][a:4]	134.998	0.713154	-	-	-	-	G
C36867328      none	B	[!#1:1][CH2:2]!@[n:3][cH0:4]	-179.703	0.148746	-	-	-	-	R
C39143213      none	B	[!#1:1][CX4:2]!@[CX3H0:3][!#1:4]	0.00771805	1.41387	-	-	-	-	O
C39143213      none	B	[!#1:1][CX4:2]!@[SX2:3][!#1:4]	-150.002	1.30312	-	-	-	-	G
C39143213      none	B	[aH1:1][c:2]([aH1])!@[SX2:3][!#1:4]	120.271	2.09614	-	-	-	-	O
C48833931      none	B	[cH0:1][c:2]([cH1])!@[O:3][C:4]	179.995	48.7454	-	-	-	-	G
C48833931      none	B	[c:1][c:2]!@[c:3][s,o,nX3H1:4]	149.999	2.6253	-	-	-	-	G
C48833931      none	B	[aH0:1][c:2]([aH0])!@[SX2:3][!#1:4]	-59.9943	1.39247	-	-	-	-	G
C48833931      none	B	[!#1:1][CX4:2]!@[SX2:3][!#1:4]	160	2.91722	-	-	-	-	G
C48833931      none	B	[a:1][c:2]!@[CX4H2:3][!#1:4]	-89.6926	7.30446	-	-	-	-	G
C00220632      none	B	[cH1:1][c:2]([cH1])!@[NX3:3][CX4:4]	-159.998	2.66685	-	-	-	-	G
C00220632      none	B	[!#1:1][CX4H2:2]!@[NX3H1:3][!#1:4]	120.001	2.00811	-	-	-	-	O
C00220632      none	B	[a:1][c:2]!@[CX4H2:3][!#1:4]	-44.6724	1.62815	-	-	-	-	O
C00220632      none	B	[O-:1][N+:2](=O)!@[c:3][a:4]	0.00953227	18.5814	-	-	-	-	G
C13842827      none	B	[!#1:1][CX4H2:2]!@[CX4H2:3][!#1:4]	60.0033	3.99483	-	-	-	-	G
C13842827      none	B	[$(C=O):1][O:2]!@[CH2:3]~[C:4]	89.9942	4.53893	-	-	-	-	G
C13842827      none	B	[O:1]=[C:2]!@[O:3]~[C:4]	-29.9982	0.0890388	-	-	-	-	R
C13842827      none	B	[cH1:1][c:2]([cH1])!@[CX3:3]=[O:4]	0.276556	14.2319	-	-	-	-	G
C13842827      none	B	[$(C=O):1][NX3H1:2]!@[c:3]([cH1])[cH1:4]	149.981	5.05437	-	-	-	-	G
C13842827      none	B	[O:1]=[CX3:2]!@[NX3H1:3][!#1:4]	-0.00545774	63.7893	-	-	-	-	G
C13842827      none	B	[C:1][CX4:2]!@[CX3:3]=[O:4]	-177.889	0.827213	-	-	-	-	G
C08337253      none	B	[aH1:1][c:2]([aH1])!@[SX2:3][!#1:4]	-30.0008	2.06819	-	-	-	-	G
C08337253      none	B	[cH1:1][c:2]([cH1])!@[O:3][c:4]	180	4.27783	-	-	-	-	G
C08337253      none	B	[aH0:1][c:2]!@[OX2:3][!#1:4]	135.315	0.316936	-	-	-	-	R
C08337253      none	B	[O-:1][N+:2](=O)!@[c:3][a:4]	179.999	18.7168	-	-	-	-	G
C36324874      none	B	[!#1:1][CH2:2]!@[n:3][cH0:4]	135	0.318742	-	-	-	-	R
C36324874      none	B	[!#1:1][CX4H2:2]!@[CX3:3]=[O:4]	-0.00176708	19.1789	-	-	-	-	G
C36324874      none	B	[s:1][c:2]([aX2,cH1])!@[CX3:3]=[O:4]	-0.00170192	46.5608	-	-	-	-	G
C51849249      none	B	[cH1:1][c:2]([cH0])!@[NX3:3][a:4]	-29.9909	5.36829	-	-	-	-	G
C51849249      none	B	[a:1][a:2]!@[NX3:3][!#1:4]	150.274	1.85775	-	-	-	-	O
C00478650      none	B	[aH1:1][c:2]([aH1])!@[SX2:3][!#1:4]	-60.0018	2.06819	-	-	-	-	G
C00478650      none	B	[aH0:1][c:2]([aH0])!@[SX2:3][!#1:4]	-149.996	0.43837	-	-	-	-	O
C00478650      none	B	[O-:1][N+:2](=O)!@[c:3]([cH,nX2H0])[cH,nX2H0:4]	179.979	23.2156	-	-	-	-	G
C19471570      none	B	[cH1:1][c:2]([cH1])!@[O:3][c:4]	-44.9867	2.5759	-	-	-	-	G
C19471570      none	B	[aH0:1][c:2]!@[OX2:3][!#1:4]	-0.00779503	2.68047	-	-	-	-	G
C44983133      none	B	[a:1][c:2]!@[CX4H1:3][H:4]	60.0066	1.05062	-	-	-	-	G
C44983133      none	B	[c:1][c:2]!@[c:3][s,o,nX3H1:4]	0.236618	17.837	-	-	-	-	G
C02455788      none	B	[c:1][c:2]!@[c:3][s,o,nX3H1:4]	-29.1906	2.72579	-	-	-	-	G
C36971423      none	B	[cH0:1][c:2]!@[CX4H2:3][N,O,S:4]	-45.0333	1.84995	-	-	-	-	G
C36971423      none	B	[!#1:1][CX4H2:2]!@[NX3H1:3][!#1:4]	180	11.3535	-	-	-	-	G
C36971423      none	B	[cH0:1][c:2]([cH,nX2H0])!@[NX3H1:3][CX4:4]	179.998	49.7854	-	-	-	-	G
C36971423      none	B	[O-:1][N+:2](=O)!@[c:3]([cH0])[cH,nX2H0:4]	90.293	0.274725	-	-	-	-	O
C04487444      none	B	[c:1][c:2]!@[c:3][s,o,nX3H1:4]	-0.00861978	17.837	-	-	-	-	G
C40765508      none	B	[!#1:1][CX4H2:2]!@[CX4H2:3][!#1:4]	60.0037	3.99483	-	-	-	-	G
C40765508      none	B	[n,o,s:1][c:2]!@[CX4H2:3][CX4:4]	-90.0102	5.3104	-	-	-	-	G
C40765508      none	B	[aH0:1][c:2]!@[OX2:3][!#1:4]	-89.9958	6.47358	-	-	-	-	G
C40765508      none	B	[cH1:1][c:2]([cH1])!@[O:3][c:4]	-134.731	1.88592	-	-	-	-	G
C50833164      none	B	[!#1:1][CX4H2:2]!@[NX3H1:3][!#1:4]	90.0004	6.33327	-	-	-	-	G
C50833164      none	B	[a:1][a:2]!@[NX3:3][!#1:4]	-159.676	2.54422	-	-	-	-	O
C50833164      none	B	[cH0:1][c:2]!@[CX4H2:3][N,O,S:4]	134.998	0.685166	-	-	-	-	G
C50833164      none	B	[c:1][CX4H2:2]!@[OX2:3][c:4]	120.001	0.172563	-	-	-	-	R
C50833164      none	B	[cH0:1][c:2]([cH1])!@[O:3][C:4]	-120.269	0.327297	-	-	-	-	R
CHEMBL276076      none	B	[cH1:1][c:2]([cH1])!@[O:3][C:4]	0.00248827	26.3009	-	-	-	-	G
CHEMBL276076      none	B	[c:1][CX4H2:2]!@[OX2:3][c:4]	180	39.7757	-	-	-	-	G
CHEMBL276076      none	B	[a:1][c:2]!@[CX4H2:3][!#1:4]	150.272	1.43221	-	-	-	-	O
C54462914      none	B	[!#1:1][CH2:2]!@[n:3][a:4]	-89.6885	13.2844	-	-	-	-	G
C54462914      none	B	[cH1:1][c:2]([cH1])!@[NX3:3][CX4:4]	-160	2.66685	-	-	-	-	G
C54462914      none	B	[!#1:1][CX4H2:2]!@[NX3H1:3][!#1:4]	120.003	2.00811	-	-	-	-	O
C54462914      none	B	[cH0:1][c:2]!@[CX4H2:3][N,O,S:4]	180	6.20075	-	-	-	-	G
CHEMBL16530      none	B	[a:1][c:2]!@[CX4H2:3][!#1:4]	150.023	1.43221	-	-	-	-	O
CHEMBL16530      none	B	[c:1][CX4H2:2]!@[OX2:3][c:4]	179.996	39.7757	-	-	-	-	G
CHEMBL16530      none	B	[cH1:1][c:2]([cH1])!@[O:3][C:4]	-179.73	26.896	-	-	-	-	G
CHEMBL16530      none	B	[c:1][c:2]!@[c:3][s,o,nX3H1:4]	0.00240128	17.837	-	-	-	-	G
CHEMBL16530      none	B	[!#1:1][CH2:2]!@[n:3][cH0:4]	89.994	14.7896	-	-	-	-	G
CHEMBL16530      none	B	[!#1:1][CX4H2:2]!@[CX4H2:3][!#1:4]	-60.001	3.77933	-	-	-	-	G
CHEMBL450239      none	B	[a:1][a:2]!@[CX3:3]=[CX3H1:4]	-20.0063	3.14121	-	-	-	-	G
CHEMBL450239      none	B	[a:1][a:2]!@[CX3:3]=[CX3H1:4]	-20.0012	3.14121	-	-	-	-	G
C48527016      none	B	[$(C=O):1][O:2]!@[c:3]~[*:4]	-30.0007	0.175703	-	-	-	-	O
C48527016      none	B	[O:1]=[C:2]!@[O:3]~[!#1:4]	-29.9936	0.0844276	-	-	-	-	R
C48527016      none	B	[a:1][a:2]!@[CX3:3]=[O:4]	-179.698	14.6728	-	-	-	-	G
C48527016      none	B	[a:1][c:2]!@[CX4H1:3][H:4]	-115.67	0.954033	-	-	-	-	O
C38925398      none	B	[a:1][c:2]!@[CX4H2:3][!#1:4]	89.9938	7.24386	-	-	-	-	G
C38925398      none	B	[!#1:1][CX4:2]!@[SX2:3][!#1:4]	-80.0006	6.01214	-	-	-	-	G
C38925398      none	B	[aH1:1][c:2]([aH0])!@[SX2:3][!#1:4]	-119.997	0.466926	-	-	-	-	O
C38925398      none	B	[cH1,nX2H0:1][c:2]([cH1,nX2H0])!@[NX3r:3][*:4]	-179.69	6.12375	-	-	-	-	G
C14083075      none	B	[aH0:1][c:2]([aH0])!@[SX2:3][!#1:4]	-59.9999	1.39247	-	-	-	-	G
C14083075      none	B	[!#1:1][CX4:2]!@[SX2:3][!#1:4]	160.001	2.91722	-	-	-	-	G
C14083075      none	B	[a:1][c:2]!@[CX4H2:3][!#1:4]	45.2994	2.0463	-	-	-	-	O
C14083075      none	B	[c:1][c:2]!@[c:3][s,o,nX3H1:4]	29.9971	2.54993	-	-	-	-	G
CHEMBL598393      none	B	[!#1:1][CX4H2:2]!@[CX4H2:3][!#1:4]	-59.9926	3.77933	-	-	-	-	G
CHEMBL598393      none	B	[!#1:1][CX4H2:2]!@[CX4H2:3][!#1:4]	-60.0039	3.77933	-	-	-	-	G
CHEMBL598393      none	B	[C:1][CX4H2:2]!@[OX2:3][c:4]	-149.997	1.28448	-	-	-	-	O
CHEMBL598393      none	B	[cH1:1][c:2]([cH1])!@[O:3][C:4]	150.275	0.199809	-	-	-	-	O
CHEMBL598393      none	B	[a:1][c:2]!@[CX4H1:3][H:4]	60.6534	1.05062	-	-	-	-	O
C52227791      none	B	[O-:1][N+:2](=O)!@[c:3]([cH,nX2H0])[cH,nX2H0:4]	179.948	23.2156	-	-	-	-	G
C52227791      none	B	[cH1:1][c:2]([cH1])!@[CX4H2:3][CX4:4]	-149.932	0.411568	-	-	-	-	R
C52227791      none	B	[!#1:1][CX4H2:2]!@[CX4H2:3][!#1:4]	179.998	58.554	-	-	-	-	G
C52227791      none	B	[!#1:1][CH2:2]!@[n:3][a:4]	135.308	0.423307	-	-	-	-	O
C52227791      none	B	[n,o,s:1][c:2]!@[CX4H2:3][CX4:4]	-90.0051	5.3104	-	-	-	-	G
C52227791      none	B	[!#1:1][CX4H2:2]!@[CX4H2:3][!#1:4]	180	58.554	-	-	-	-	G
C37904415      none	B	[aH1:1][c:2]([aH1])!@[SX2:3][!#1:4]	59.995	2.51537	-	-	-	-	G
C37904415      none	B	[!#1:1][CX4:2]!@[SX2:3][!#1:4]	180	11.1654	-	-	-	-	G
C37904415      none	B	[!#1:1][CX4H2:2]!@[CX4H2:3][!#1:4]	179.999	58.554	-	-	-	-	G
C37904415      none	B	[!#1:1][CX4H2:2]!@[NX3H1:3][!#1:4]	-89.9993	6.4105	-	-	-	-	G
C37904415      none	B	[cH1:1][c:2]([cH1])!@[NX3:3][CX4:4]	-159.728	2.66685	-	-	-	-	O
C37904415      none	B	[O-:1][N+:2](=O)!@[c:3]([cH,nX2H0])[cH,nX2H0:4]	179.986	23.2156	-	-	-	-	G
C63533623      none	B	[!#1:1][CX4H2:2]!@[CX4H2:3][!#1:4]	60.0049	3.99483	-	-	-	-	G
C63533623      none	B	[n,o,s:1][c:2]!@[CX4H2:3][CX4:4]	90.2969	4.03889	-	-	-	-	G
C63533623      none	B	[a:1][c:2]!@[CX4H2:3][!#1:4]	135.003	1.69481	-	-	-	-	O
C63533623      none	B	[!#1:1][CX4:2]!@[SX2:3][!#1:4]	-160.006	3.18377	-	-	-	-	G
C63533623      none	B	[aH1:1][c:2]([aH1])!@[SX2:3][!#1:4]	0.283006	4.86305	-	-	-	-	G
C61861275      none	B	[cH1:1][c:2]([cH1])!@[CX3:3]=[O:4]	-59.9929	0.295938	-	-	-	-	R
C61861275      none	B	[nX2H0r6:1][cr6:2]([cr6])!@[CX3:3]([!O])=[O:4]	179.998	42.3515	-	-	-	-	G
C41494862      none	B	[a:1][a:2]!@[NX3:3][!#1:4]	-150.001	1.91104	-	-	-	-	O
C41494862      none	B	[cH1:1][c:2]([cH1])!@[NX3:3][a:4]	120.271	2.92279	-	-	-	-	G
C37715896      none	B	[aH0:1][c:2]([aH0])!@[SX2:3][!#1:4]	180	14.0278	-	-	-	-	G
C37715896      none	B	[aH1:1][c:2]([aH1])!@[SX2:3][!#1:4]	-30.0039	2.06819	-	-	-	-	G
C01284970      none	B	[$(C=O):1][O:2]!@[c:3]~[*:4]	89.9953	8.88554	-	-	-	-	G
C01284970      none	B	[O:1]=[C:2]!@[O:3]~[!#1:4]	-29.9922	0.0844276	-	-	-	-	R
C01284970      none	B	[a:1][a:2]!@[CX3:3]=[O:4]	90.3078	0.65154	-	-	-	-	R
C28010509      none	B	[a:1][c:2]!@[CX4H0:3][CX4:4]	-119.695	5.28723	-	-	-	-	G
C28010509      none	B	[a:1][c:2]!@[CX4H2:3][!#1:4]	90.0092	7.24386	-	-	-	-	G
C28010509      none	B	[!#1:1][CX4:2]!@[SX2:3][!#1:4]	80.0019	6.41197	-	-	-	-	G
C28010509      none	B	[aH0:1][c:2]([aH0])!@[SX2:3][!#1:4]	120.003	1.75348	-	-	-	-	G
C00381339      none	B	[a:1][c:2]!@[CX4H2:3][!#1:4]	-134.994	2.0362	-	-	-	-	O
C00381339      none	B	[c:1][CX4H2:2]!@[OX2:3][C:4]	-119.995	0.555556	-	-	-	-	G
C00381339      none	B	[O:1]=[C:2]!@[O:3]~[C:4]	59.9956	0.00468626	-	-	-	-	R
C00381339      none	B	[s:1][c:2]([aX2,cH1])!@[CX3:3](O)=[O:4]	-0.000459566	31.1475	-	-	-	-	G
C58018288      none	B	[cH1:1][c:2]([cH1])!@[CX3:3]=[O:4]	30.2783	3.1746	-	-	-	-	O
C58018288      none	B	[aH1:1][c:2]([aH1])!@[SX2:3][!#1:4]	119.996	2.09614	-	-	-	-	G
C58018288      none	B	[!#1:1][CX4:2]!@[SX2:3][!#1:4]	149.995	1.40678	-	-	-	-	G
C58018288      none	B	[!#1:1][CX4H2:2]!@[CX3:3]=[O:4]	-120.001	0.59462	-	-	-	-	G
C58018288      none	B	[s:1][c:2]([aX2,cH1])!@[CX3:3]=[O:4]	179.99	12.4339	-	-	-	-	R
C36106174      none	B	[cH1:1][c:2]([cH1])!@[C:3]([NH1,NH2])=[O:4]	-152.99	8.78518	-	-	-	-	G
C36106174      none	B	[O:1]=[CX3:2]!@[NX3H1:3][!#1:4]	-0.00670394	63.7893	-	-	-	-	G
C36106174      none	B	[$([CX3]=O):1][NX3H1:2]!@[CX4H2:3][C:4] 	120.005	2.76407	-	-	-	-	O
C36106174      none	B	N[C:2](=[O:1])!@[CH2:3][N:4]	-60.0009	0.14881	-	-	-	-	O
C36106174      none	B	[O:1]=[CX3:2]!@[NX3H1:3][!#1:4]	0.0038971	63.7893	-	-	-	-	G
C36106174      none	B	[$(C=O):1][NX3H1:2]!@[c:3]([cH1])[cH1:4]	29.9915	5.05437	-	-	-	-	G
C20245744      none	B	[cH0:1][c:2]([cH,nX2H0])!@[NX3H1:3][CX4:4]	179.971	49.7854	-	-	-	-	G
C20245744      none	B	[!#1:1][CX4H2:2]!@[NX3H1:3][!#1:4]	179.998	11.3535	-	-	-	-	G
C20245744      none	B	[a:1][c:2]!@[CX4H2:3][!#1:4]	-44.7251	1.62815	-	-	-	-	O
C41480140      none	B	[cH0:1][c:2]([cH1])!@[O:3][C:4]	-90.0028	0.64732	-	-	-	-	R
C41480140      none	B	[cH1:1][c:2]([cH1])!@[NX3:3][a:4]	119.999	2.92279	-	-	-	-	G
C41480140      none	B	[a:1][a:2]!@[NX3:3][!#1:4]	-149.714	1.91104	-	-	-	-	O
CHEMBL1213718      none	B	[*:1]~[NX3:2]!@[NX2:3]~[*:4]	150.007	0.447375	-	-	-	-	O
CHEMBL1213718      none	B	[a:1][a:2]!@[NX3:3][!#1:4]	150.337	1.85775	-	-	-	-	O
CHEMBL1213718      none	B	[cH1:1][c:2]!@[c:3]([cH1])[nX2H0:4]	0.271803	25.7136	-	-	-	-	G
CHEMBL1213718      none	B	[cH1:1][c:2]([cH1])!@[O:3][C:4]	180	26.896	-	-	-	-	G
C20396398      none	B	[aH1:1][c:2]([aH0])!@[SX2:3][!#1:4]	59.9994	1.24514	-	-	-	-	O
C20396398      none	B	[!#1:1][CX4:2]!@[SX2:3][!#1:4]	180	11.1654	-	-	-	-	G
C20396398      none	B	[a:1][c:2]!@[CX4H2:3][!#1:4]	-89.7277	7.30446	-	-	-	-	G
CHEMBL447043      none	B	[cH1:1][c:2]([cH1])!@[NX3:3][CX4:4]	20.0042	2.88127	-	-	-	-	G
CHEMBL447043      none	B	[!#1:1][CX4H2:2]!@[NX3H1:3][!#1:4]	179.995	11.3535	-	-	-	-	G
CHEMBL447043      none	B	[a:1][c:2]!@[CX4H2:3][!#1:4]	-44.7082	1.62815	-	-	-	-	O
C56232306      none	B	[O-:1][N+:2](=O)!@[c:3]([cH0])[cH,nX2H0:4]	-0.0272243	12.6374	-	-	-	-	G
C56232306      none	B	[s:1][c:2]([aX2,cH1])!@[CX3:3](O)=[O:4]	0.254837	31.1475	-	-	-	-	G
C56232306      none	B	[O:1]=[C:2]!@[O:3]~[C:4]	-30.0018	0.0890388	-	-	-	-	R
C56232306      none	B	[$(C=O):1][O:2]!@[CH2:3]~[C:4]	149.996	2.20243	-	-	-	-	G
CHEMBL240143      none	B	[nH0r6:1][cr6:2]([nH0r6])!@[cr6:3]([cH1r6])[cH1r6:4]	-30.0035	0.704225	-	-	-	-	O
CHEMBL240143      none	B	[O-:1][N+:2](=O)!@[c:3]([cH,nX2H0])[cH,nX2H0:4]	-179.721	23.2156	-	-	-	-	G
C62007185      none	B	[cH1:1][c:2]([cH0])!@[NX3:3][a:4]	-29.715	5.36829	-	-	-	-	G
C62007185      none	B	[a:1][a:2]!@[NX3:3][!#1:4]	0.339546	10.9271	-	-	-	-	G
C62007185      none	B	[a:1][c:2]!@[CX4H2:3][CX3:4]	135.004	0.732127	-	-	-	-	O
C62007185      none	B	[c:1][CX4H2:2]!@[CX3:3]=[O:4]	0.00521215	11.5385	-	-	-	-	G
C62007185      none	B	[O:1]=[CX3:2]!@[NX3H0:3][!#1:4]	-179.728	18.2537	-	-	-	-	G
C36964010      none	B	[a:1][c:2]!@[CX4H2:3][!#1:4]	0.0052079	2.24426	-	-	-	-	O
C36964010      none	B	[!#1:1][CX4H2:2]!@[NX3H1:3][!#1:4]	149.994	1.87295	-	-	-	-	O
C36964010      none	B	[cH1:1][c:2]([cH1])!@[NX3:3][CX4:4]	-159.734	2.66685	-	-	-	-	O
C49686438      none	B	[cH0:1][c:2]!@[CX4H2:3][N,O,S:4]	-90.0181	7.87941	-	-	-	-	G
C49686438      none	B	[!#1:1][CX4H2:2]!@[NX3H1:3][!#1:4]	-119.999	2.14327	-	-	-	-	O
C49686438      none	B	[cH1:1][c:2]([cH1])!@[NX3:3][CX4:4]	20.2645	2.88127	-	-	-	-	G
C35343886      none	B	[cH1:1][c:2]([cH1])!@[O:3][c:4]	-134.998	1.88592	-	-	-	-	G
C35343886      none	B	[aH0:1][c:2]!@[OX2:3][!#1:4]	-119.999	1.45993	-	-	-	-	O
C08382156      none	B	[$(C=O):1][NX3H0:2]!@[c:3]([cH1])[cH1:4]	-179.736	1.68907	-	-	-	-	G
C08382156      none	B	[a:1][c:2]!@[CX3:3]=[CX3H0:4]	0.279931	4.55571	-	-	-	-	G
C34930753      none	B	[O:1]=[CX3:2](a)!@[NX3H0:3][!#1:4]	-30.001	1.17502	-	-	-	-	O
C34930753      none	B	[cH0:1][c:2]([cH1])!@[CX3:3]([NX3H0])=[O:4]	59.9985	6.54545	-	-	-	-	G
C34930753      none	B	[O-:1][N+:2](=O)!@[c:3]([cH,nX2H0])[cH,nX2H0:4]	179.979	23.2156	-	-	-	-	G
C38125865      none	B	[O-:1][N+:2](=O)!@[c:3]([cH0])[cH,nX2H0:4]	90.0294	0.274725	-	-	-	-	O
C38125865      none	B	[cH0:1][c:2]!@[CX4H2:3][CX3:4]	-134.998	0.40107	-	-	-	-	R
C38125865      none	B	[c:1][CX4H2:2]!@[CX3:3]=[O:4]	30.0081	5.41311	-	-	-	-	G
C38125865      none	B	[cH1:1][c:2]([cH1])!@[CX3:3]=[O:4]	90.2734	0.0874361	-	-	-	-	R
C06843908      none	B	[cH0:1][c:2]([cH1])!@[O:3][C:4]	-90.0226	0.64732	-	-	-	-	R
C06843908      none	B	[C:1][CX4H2:2]!@[OX2:3][c:4]	-150.002	1.28448	-	-	-	-	O
C06843908      none	B	[OX2:1][CX4H2:2]!@[CX3:3]([$([NX3H1,NX3H2])])=[O:4]	59.9992	1.07143	-	-	-	-	R
C06843908      none	B	[O:1]=[CX3:2]!@[NX3H1:3][!#1:4]	0.0138826	63.7893	-	-	-	-	G
C06843908      none	B	[*:1]~[NX3:2]!@[NX2:3]~[*:4]	179.996	29.4914	-	-	-	-	G
C06843908      none	B	[*:1]~[CX3:2]!@[cX3:3]~[*:4]	-29.68	2.32371	-	-	-	-	O
C44114814      none	B	[a,!nX2H0:1][a:2]([!nX2H0])!@[a:3]([nX2H0])[nX2H0:4]	179.994	32.5	-	-	-	-	G
C44114814      none	B	[a:1][c:2]!@[CX4H2:3][!#1:4]	44.9889	1.59785	-	-	-	-	O
C44114814      none	B	[!#1:1][CX4:2]!@[SX2:3][!#1:4]	160.006	2.91722	-	-	-	-	G
C44114814      none	B	[aH1:1][c:2]([aH1])!@[SX2:3][!#1:4]	120.278	2.09614	-	-	-	-	O
C42582329      none	B	[cH1:1][c:2]([cH1])!@[NX3:3][a:4]	-60.0008	3.06346	-	-	-	-	G
C42582329      none	B	[a:1][a:2]!@[NX3:3][!#1:4]	-179.724	11.4213	-	-	-	-	G
C13864406      none	B	[O:1]=[CX3:2]!@[NX3H1:3][!#1:4]	0.00276487	63.7893	-	-	-	-	G
C13864406      none	B	[s:1][c:2]!@[C:3]([NH1])=[O:4]	0.0129445	23.0769	-	-	-	-	G
C13864406      none	B	[cH1:1][c:2]([cH0])!@[O:3][c:4]	59.9797	2.58065	-	-	-	-	G
C13864406      none	B	[cH1:1][c:2]([cH1])!@[O:3][c:4]	-89.7156	3.72585	-	-	-	-	G
C13864406      none	B	[c:1][c:2](c)!@[O:3][$(C([F])([F])[F]):4]	-59.9988	1.6129	-	-	-	-	O
C00145431      none	B	[aH1:1][c:2]([aH1])!@[SX2:3][!#1:4]	-59.9949	2.06819	-	-	-	-	G
C00145431      none	B	[aH1:1][c:2]([aH0])!@[SX2:3][*R:4]	-0.00108487	13.5204	-	-	-	-	G
C00145431      none	B	[O-:1][N+:2](=O)!@[c:3]([cH,nX2H0])[cH,nX2H0:4]	179.98	23.2156	-	-	-	-	G
C63044060      none	B	[a:1][c:2]!@[CX4H1:3][H:4]	150.023	3.71955	-	-	-	-	G
C63044060      none	B	[!#1:1][CX4:2]!@[CX4:3][!#1:4]	-160.006	1.85018	-	-	-	-	G
C63044060      none	B	[n,o,s:1][c:2]!@[CX4H2:3][CX4:4]	89.9969	4.03889	-	-	-	-	G
C63044060      none	B	[O-:1][N+:2](=O)!@[c:3]([cH,nX2H0])[cH,nX2H0:4]	179.983	23.2156	-	-	-	-	G
C64874883      none	B	[O:1]=[C:2]!@[O:3]~[C:4]	0.0017008	74.4927	-	-	-	-	G
C64874883      none	B	[cH1:1][c:2]([cH1])!@[CX3:3]=[O:4]	-149.727	3.39656	-	-	-	-	O
C64874883      none	B	[cH1:1][c:2]([cH1])!@[NX3:3][a:4]	-0.00449957	2.17255	-	-	-	-	O
C64874883      none	B	[cH1:1][c:2]([cH0])!@[NX3:3][a:4]	-59.7226	2.74657	-	-	-	-	O
C40714042      none	B	[a:1][c:2]!@[CX4H2:3][!#1:4]	90.0055	7.24386	-	-	-	-	G
C40714042      none	B	[!#1:1][CX4:2]!@[SX2:3][!#1:4]	180	11.1654	-	-	-	-	G
C40714042      none	B	[aH0:1][c:2]([aH0])!@[SX2:3][!#1:4]	-119.999	1.95977	-	-	-	-	G
C41307725      none	B	[$(C=O):1][O:2]!@[c:3]~[*:4]	-89.9873	9.03614	-	-	-	-	G
C41307725      none	B	[O:1]=[C:2]!@[O:3]~[!#1:4]	-0.00954644	73.7697	-	-	-	-	G
C41307725      none	B	[a:1][a:2]!@[CX3:3]=[O:4]	60.3133	0.735836	-	-	-	-	R
C08429053      none	B	[c:1][c:2]!@[c:3][s,o,nX3H1:4]	150.003	2.6253	-	-	-	-	G
C08429053      none	B	[aH0:1][c:2]([aH0])!@[SX2:3][!#1:4]	0.00641663	13.1253	-	-	-	-	G
C08429053      none	B	[aH0:1][c:2]([aH0])!@[SX2:3][!#1:4]	180	14.0278	-	-	-	-	G
C02599702      none	B	[c:1][c:2]!@[c:3]([cH0])[nX2H0:4]	-30.004	5.06198	-	-	-	-	G
C02599702      none	B	[a:1][a:2]!@[CX3:3]=[O:4]	90.0042	0.65154	-	-	-	-	R
C20898858      none	B	[a:1][a:2]!@[NX3:3][!#1:4]	30.005	1.9288	-	-	-	-	O
C20898858      none	B	[*:1]~[NX3:2]!@[NX3:3]~[*:4]	180	7.3164	-	-	-	-	G
C20898858      none	B	[O:1]=[CX3:2]!@[NX3H1:3][!#1:4]	-0.00143299	63.7893	-	-	-	-	G
C20898858      none	B	[O:1]=[CX3:2]([NH1])!@[CH2:3][C:4]	89.9947	2.11706	-	-	-	-	O
C20898858      none	B	[!#1:1][CX4:2]!@[CX4:3][!#1:4]	157.713	1.81259	-	-	-	-	G
C44825072      none	B	[!#1:1][CX4:2]!@[CX4:3][!#1:4]	179.999	22.1548	-	-	-	-	G
C44825072      none	B	[C:1][CX4:2]!@[CX3:3]=[O:4]	-89.9955	3.45082	-	-	-	-	G
C44825072      none	B	[O:1]=[CX3:2]!@[NX3H1:3][!#1:4]	-0.00166328	63.7893	-	-	-	-	G
C44825072      none	B	[$(C=O):1][NX3H1:2]!@[CX4H1:3][H:4]	31.9997	9.46757	-	-	-	-	G
C44825072      none	B	[a:1][c:2]!@[CX4H1:3][N,O:4]	-60.0008	3.48172	-	-	-	-	G
C04232295      none	B	[a:1][a:2]!@[NX3:3][!#1:4]	180	11.4213	-	-	-	-	G
C04232295      none	B	[a:1][a:2]!@[NX3:3][!#1:4]	120.332	1.62057	-	-	-	-	O
C51172484      none	B	[s:1][c:2]!@[C:3]([NH1])=[O:4]	-149.993	1.0989	-	-	-	-	R
C51172484      none	B	[O:1]=[CX3:2]!@[NX3H1:3][!#1:4]	-0.00623777	63.7893	-	-	-	-	G
C51172484      none	B	[$(C=O):1][NX3H1:2]!@[c:3](s)[n:4]	0.00509137	0.574713	-	-	-	-	R
C51172484      none	B	[a:1][c:2]!@[CX4H2:3][!#1:4]	-45.0003	1.96752	-	-	-	-	O
C42072983      none	B	[cH0:1][c:2]([cH,nX2H0])!@[NX3H1:3][CX4:4]	89.9955	0	-	-	-	-	R
C42072983      none	B	[!#1:1][CX4H1:2]!@[NX3:3][!#1:4]	-162.606	2.4687	-	-	-	-	G
C48706436      none	B	[cH1:1][c:2]([cH1])!@[C:3]([NH1,NH2])=[O:4]	-26.9925	8.39053	-	-	-	-	G
C48706436      none	B	[O:1]=[CX3:2]!@[NX3H1:3][!#1:4]	-0.0122208	63.7893	-	-	-	-	G
C48706436      none	B	[$(C=O):1][NX3H1:2]!@[c:3](s)[n:4]	180	66.092	-	-	-	-	G
C48706436      none	B	[c:1][c:2]!@[c:3][s,o,nX3H1:4]	0.608317	17.837	-	-	-	-	G
C32853597      none	B	[a:1][a:2]!@[CX3:3]=[CX3H1:4]	149.997	2.24372	-	-	-	-	G
C32853597      none	B	[a:1][a:2]!@[CX3:3]=[CX3H1:4]	0.309123	13.6236	-	-	-	-	G
C32853597      none	B	[a:1][a:2]!@[CX3:3]=[O:4]	120.003	0.855256	-	-	-	-	O
C32853597      none	B	[O:1]=[C:2]!@[O:3]~[C:4]	0.00381732	74.4927	-	-	-	-	G
C36972985      none	B	[cH1:1][c:2]([cH1])!@[NX3:3][CX4:4]	-19.9947	3.00858	-	-	-	-	G
C36972985      none	B	[!#1:1][CX4H2:2]!@[NX3H1:3][!#1:4]	-150.001	1.95018	-	-	-	-	O
C36972985      none	B	[a:1][c:2]!@[CX4H2:3][!#1:4]	135.278	1.69481	-	-	-	-	O
CHEMBL434261      none	B	[a:1][c:2]!@[CX4H2:3][!#1:4]	150.031	1.43221	-	-	-	-	O
CHEMBL434261      none	B	[c:1][CX4H2:2]!@[OX2:3][c:4]	179.999	39.7757	-	-	-	-	G
CHEMBL434261      none	B	[cH1:1][c:2]([cH1])!@[O:3][C:4]	-179.726	26.896	-	-	-	-	G
CHEMBL434261      none	B	[cH1:1][a:2]([cH1])!@[a:3]([sX2,o,nX2H0,nX3H1:4])	-179.682	10.6726	-	-	-	-	G
CHEMBL434261      none	B	[!#1:1][CH2:2]!@[n:3][a:4]	0.00543198	0.0996016	-	-	-	-	R
CHEMBL434261      none	B	[!#1:1][CX4H2:2]!@[CX4H2:3][!#1:4]	-60.0014	3.77933	-	-	-	-	G
C67008963      none	B	[aH1:1][c:2]([aH1])!@[SX2:3][!#1:4]	0.0005194	4.86305	-	-	-	-	G
C67008963      none	B	[!#1:1][CX4:2]!@[SX2:3][!#1:4]	-160.002	3.18377	-	-	-	-	G
C67008963      none	B	[a:1][c:2]!@[CX4H2:3][!#1:4]	135.264	1.69481	-	-	-	-	O
C05016828      none	B	[aH1:1][c:2]([aH1])!@[SX2:3][!#1:4]	90.0018	4.22023	-	-	-	-	G
C05016828      none	B	[!#1:1][CX4:2]!@[SX2:3][!#1:4]	180	11.1654	-	-	-	-	G
C05016828      none	B	[a:1][c:2]!@[CX4H2:3][!#1:4]	45.2699	2.0463	-	-	-	-	O
C48139572      none	B	[cH0:1][c:2]([cH,nX2H0])!@[NX3H0:3][CX4:4]	150.297	2.61588	-	-	-	-	G
C48139572      none	B	[$(C=O):1][NX3H1:2]!@[c:3]([cH1])[cH1:4]	-30.0237	5.05437	-	-	-	-	G
C48139572      none	B	[O:1]=[CX3:2]!@[NX3H1:3][!#1:4]	30.0064	0.0707142	-	-	-	-	O
C48139572      none	B	[O:1]=[CX3:2]!@[NX3H0:3][!#1:4]	0.270873	25.0866	-	-	-	-	G
C07398348      none	B	[$([cH0](F)):1][c:2]([cH1])!@[CX3:3]([O,N])=[O:4]	179.998	5.40541	-	-	-	-	G
C07398348      none	B	[O:1]=[C:2]!@[O:3]~[C:4]	-30	0.0890388	-	-	-	-	R
C07398348      none	B	[$(C=O):1][O:2]!@[CH2:3]~[C:4]	90.0045	4.53893	-	-	-	-	G
C07398348      none	B	[O:1][CX4:2]!@[CX3:3]=[O:4]	29.9939	2.80888	-	-	-	-	G
C07398348      none	B	[cH1:1][c:2]([cH1])!@[CX3:3]=[O:4]	-149.722	3.39656	-	-	-	-	O
C28067861      none	B	[s:1][c:2]([aX2,cH1])!@[CX3:3](O)=[O:4]	179.967	44.2623	-	-	-	-	G
C28067861      none	B	[O:1]=[C:2]!@[O:3]~[C:4]	30.004	0.0796663	-	-	-	-	R
C28067861      none	B	[c:1][CX4H2:2]!@[OX2:3][C:4]	180	23.858	-	-	-	-	G
C28067861      none	B	[a:1][c:2]!@[CX4H2:3][!#1:4]	-44.7363	1.62815	-	-	-	-	O
C28067861      none	B	[c:1][c:2]!@[c:3][s,o,nX3H1:4]	-19.738	3.00214	-	-	-	-	G
C35328652      none	B	[O-:1][N+:2](=O)!@[c:3]([cH,nX2H0])[cH,nX2H0:4]	179.972	23.2156	-	-	-	-	G
C35328652      none	B	[!#1:1][CH2:2]!@[n:3][cH0:4]	135.003	0.318742	-	-	-	-	R
C35328652      none	B	[!#1:1][CX4H2:2]!@[CX4H2:3][!#1:4]	180	58.554	-	-	-	-	G
C35328652      none	B	[!#1:1][CX4H2:2]!@[CX4H2:3][!#1:4]	179.999	58.554	-	-	-	-	G
C35328652      none	B	[!#1:1][CX4H2:2]!@[CX4H2:3][!#1:4]	179.997	58.554	-	-	-	-	G
CHEMBL1213777      none	B	[C:1][CX4:2]!@[CX3:3][C:4]	90.0005	3.09142	-	-	-	-	G
CHEMBL1213777      none	B	[C:1][CX4:2]!@[CX3:3][C:4]	90.0002	3.09142	-	-	-	-	G
CHEMBL1213777      none	B	[*:1]~[NX3:2]!@[NX2:3]~[*:4]	-150.006	0.364964	-	-	-	-	O
CHEMBL1213777      none	B	[a:1][a:2]!@[NX3:3][!#1:4]	-179.672	11.4213	-	-	-	-	G
CHEMBL1213777      none	B	[cH1:1][c:2]!@[c:3]([cH1])[nX2H0:4]	-29.7119	2.33993	-	-	-	-	G
CHEMBL1213777      none	B	[cH1:1][c:2]([cH1])!@[O:3][C:4]	180	26.896	-	-	-	-	G
C20187388      none	B	[a:1][c:2]!@[CX4H1:3][N,O:4]	60.0086	3.42939	-	-	-	-	G
C20187388      none	B	[!#1:1][CX4H1:2]!@[NX3:3][!#1:4]	-120.002	4.10724	-	-	-	-	O
C20187388      none	B	[cH1:1][c:2]([cH1])!@[NX3:3][CX4:4]	60.0016	1.23291	-	-	-	-	O
C20187388      none	B	[c:1][c:2]!@[c:3][s,o,nX3H1:4]	179.998	12.4984	-	-	-	-	G
C59514009      none	B	[*:1]~[CX3:2]!@[cX3:3]~[*:4]	60.0052	1.20252	-	-	-	-	O
C59514009      none	B	[*:1]~[cX3:2]!@[NX2:3]~[*:4]	90.2762	1.96062	-	-	-	-	O
C49130215      none	B	[n,o,s:1][c:2]!@[CX4H2:3][CX4:4]	0.29002	6.43231	-	-	-	-	G
C49130215      none	B	[a:1][c:2]!@[CX4H2:3][!#1:4]	90.002	7.24386	-	-	-	-	G
C49130215      none	B	[!#1:1][CX4:2]!@[SX2:3][!#1:4]	80.0057	6.41197	-	-	-	-	G
C49130215      none	B	[aH0:1][c:2]([aH0])!@[SX2:3][!#1:4]	120	1.75348	-	-	-	-	G
C44550911      none	B	[cH1:1][a:2]([cH1])!@[a:3]([sX2,o,nX2H0,nX3H1:4])([cH0])	-60.0022	1.92551	-	-	-	-	G
C44550911      none	B	[!#1:1][CH2:2]!@[n:3][cH0:4]	134.987	0.637484	-	-	-	-	R
C44550911      none	B	[!#1:1][CX4H2:2]!@[NX3H1:3][!#1:4]	179.997	11.3535	-	-	-	-	G
C44550911      none	B	[cH1:1][c:2]([cH1])!@[NX3:3][CX4:4]	-179.72	14.7347	-	-	-	-	G
C19804456      none	B	[cH1:1][c:2]([cH1])!@[NX3:3][a:4]	119.993	2.92279	-	-	-	-	G
C19804456      none	B	[a:1][a:2]!@[NX3:3][!#1:4]	-149.728	1.91104	-	-	-	-	O
C37204182      none	B	[cH1:1][a:2]([cH1])!@[a:3]([sX2,o,nX2H0,nX3H1:4])([cH1])	-0.000362526	11.7616	-	-	-	-	G
C37204182      none	B	[a:1][c:2]!@[CX4H2:3][!#1:4]	-135.005	1.61199	-	-	-	-	O
C37204182      none	B	[!#1:1][CX4:2]!@[SX2:3][!#1:4]	179.999	11.1654	-	-	-	-	G
C37204182      none	B	[aH0:1][c:2]([aH0])!@[SX2:3][!#1:4]	-90.0077	3.32646	-	-	-	-	G
C57354380      none	B	[aH0:1][c:2]([aH0])!@[SX2:3][!#1:4]	-90.0009	3.32646	-	-	-	-	G
C57354380      none	B	[!#1:1][CX4:2]!@[SX2:3][!#1:4]	160.001	2.91722	-	-	-	-	G
C57354380      none	B	[!#1:1][CX4:2]!@[CX3:3]=[O:4]	-89.9992	2.86247	-	-	-	-	G
C57354380      none	B	[a:1][a:2]!@[CX3:3]=[O:4]	0.296195	15.3068	-	-	-	-	G
C15050054      none	B	[O:1]=[C:2]!@[O:3]~[C:4]	0.00750276	74.4927	-	-	-	-	G
C15050054      none	B	[cH1:1][c:2]([cH1])!@[CX3:3]=[O:4]	0.278343	14.2319	-	-	-	-	G
C15050054      none	B	[a:1][c:2]!@[CX4H2:3][!#1:4]	-134.997	2.0362	-	-	-	-	O
C15050054      none	B	[!#1:1][CX4:2]!@[SX2:3][!#1:4]	179.999	11.1654	-	-	-	-	G
C15050054      none	B	[aH0:1][c:2]([aH0])!@[SX2:3][!#1:4]	119.997	1.75348	-	-	-	-	G
C15050054      none	B	[*:1]~[CX4:2]!@[n:3]~[*:4]	-51.3742	2.67193	-	-	-	-	G
C48631141      none	B	[cH1:1][c:2]([cH0])!@[NX3:3][a:4]	-59.9706	2.74657	-	-	-	-	O
C48631141      none	B	[a:1][a:2]!@[NX3:3][!#1:4]	-179.716	11.4213	-	-	-	-	G
C37185623      none	B	[cH1:1][c:2]([nX2])!@[O:3][C:4]	-179.727	59.0909	-	-	-	-	G
C37185623      none	B	[cH1:1][c:2]([cH1])!@[NX3:3][CX4:4]	-89.9996	0.86438	-	-	-	-	O
C37185623      none	B	[!#1:1][CX4H1:2]!@[NX3:3][!#1:4]	77.9438	3.82417	-	-	-	-	G
C40711605      none	B	[cH1:1][c:2]([cH1])!@[NX3:3][a:4]	-29.989	4.48578	-	-	-	-	G
C40711605      none	B	[c:1][c:2](c)!@[O:3][$(C([F])([F])[F]):4]	150.005	0	-	-	-	-	R
C40711605      none	B	[a:1][a:2]!@[NX3:3][!#1:4]	-179.729	11.4213	-	-	-	-	G
C45794687      none	B	[cH1:1][a:2]([cH1])!@[a:3]([sX2,o,nX2H0,nX3H1:4])	-179.694	10.6726	-	-	-	-	G
C45794687      none	B	[a:1][c:2]!@[CX4H2:3][!#1:4]	90.0019	7.24386	-	-	-	-	G
C45794687      none	B	[!#1:1][CX4:2]!@[SX2:3][!#1:4]	80.0003	6.41197	-	-	-	-	G
C45794687      none	B	[aH0:1][c:2]([aH0])!@[SX2:3][!#1:4]	120.003	1.75348	-	-	-	-	G
C01687021      none	B	[O-:1][N+:2](=O)!@[c:3]([cH0])[cH,nX2H0:4]	0.0263182	12.6374	-	-	-	-	G
C20471973      none	B	[cH1:1][c:2]([cH0])!@[NX3:3][a:4]	30.2447	5.36829	-	-	-	-	G
C20471973      none	B	[a:1][a:2]!@[NX3:3][!#1:4]	120.28	1.62057	-	-	-	-	O
C00496194      none	B	[cH1:1][c:2]([cH1])!@[CX3:3]=[NX2:4]	-0.00594225	14.4225	-	-	-	-	G
C00496194      none	B	[*:1]~[NX2:2]!@[nX3:3]~[*:4]	-29.7257	0.976563	-	-	-	-	G
C00416836      none	B	[cH0:1][c:2]!@[CX4H2:3][N,O,S:4]	90.0065	7.74238	-	-	-	-	G
C00416836      none	B	[!#1:1][CX4:2]!@[SX2:3][!#1:4]	179.998	11.1654	-	-	-	-	G
C00416836      none	B	[aH0:1][c:2]([aH0])!@[SX2:3][!#1:4]	59.9978	2.01135	-	-	-	-	G
C00416836      none	B	[c:1][c:2]!@[c:3][s,o,nX3H1:4]	0.499098	17.837	-	-	-	-	G
C05777443      none	B	[aH0:1][c:2]([aH0])!@[SX2:3][!#1:4]	119.997	1.75348	-	-	-	-	G
C05777443      none	B	[!#1:1][CX3:2]!@[SX2:3][!#1:4]	179.999	28.238	-	-	-	-	G
C05777443      none	B	[cH1:1][c:2]([cH1])!@[CX3:3]=[O:4]	-149.73	3.39656	-	-	-	-	O
C05777443      none	B	[O-:1][N+:2](=O)!@[c:3]([cH,nX2H0])[cH,nX2H0:4]	-179.693	23.2156	-	-	-	-	G
C59165582      none	B	[s:1][c:2]!@[C:3]([NH1])=[O:4]	-0.0470814	23.0769	-	-	-	-	G
C59165582      none	B	[O:1]=[CX3:2]!@[NX3H1:3][!#1:4]	0.000775378	63.7893	-	-	-	-	G
C59165582      none	B	[*:1]~[NX3:2]!@[NX2:3]~[*:4]	180	29.4914	-	-	-	-	G
C59165582      none	B	[cH0:1][c:2]([cH0])!@[CX3!r:3]=[NX2!r:4]	120.286	0.632911	-	-	-	-	O
C59519234      none	B	[*:1]~[cX3:2]!@[NX2:3]~[*:4]	-89.9975	2.13435	-	-	-	-	O
C59519234      none	B	[*:1]~[CX3:2]!@[cX3:3]~[*:4]	60.3121	1.20252	-	-	-	-	O
C40727107      none	B	[a:1][a:2]!@[NX3:3][!#1:4]	-149.997	1.91104	-	-	-	-	O
C40727107      none	B	[cH1:1][c:2]([cH1])!@[NX3:3][a:4]	-59.7188	3.06346	-	-	-	-	G
C35657999      none	B	[!#1:1][CX4H1:2]!@[NX3:3][!#1:4]	120.006	4.42569	-	-	-	-	O
C35657999      none	B	[a:1][c:2]!@[NX3H1:3][$([CX4r]([C;r])([C;r])):4]	59.9977	1.13636	-	-	-	-	R
C19516049      none	B	[cH1:1][c:2]([cH0])!@[NX3:3][a:4]	-150.002	0.124844	-	-	-	-	R
C19516049      none	B	[a:1][a:2]!@[NX3:3][!#1:4]	90.2658	1.62893	-	-	-	-	O
C41631942      none	B	[n,o,s:1][c:2]!@[CX4H2:3][CX4:4]	-134.994	1.2715	-	-	-	-	O
C41631942      none	B	[a:1][c:2]!@[CX4H1:3][N,O:4]	-89.9995	1.29082	-	-	-	-	G
C41631942      none	B	[!#1:1][CX4H1:2]!@[NX3:3][!#1:4]	120.002	4.42569	-	-	-	-	O
C41631942      none	B	[cH1:1][c:2]([cH1])!@[NX3:3][CX4:4]	120.002	0.904583	-	-	-	-	O
C03474783      none	B	[aH0:1][c:2]([aH0])!@[SX2:3][!#1:4]	0.0083435	13.1253	-	-	-	-	G
C03474783      none	B	[!#1:1][CX4:2]!@[SX2:3][!#1:4]	-160.001	3.18377	-	-	-	-	G
C03474783      none	B	[cH0:1][c:2]!@[CX4H2:3][N,O,S:4]	135.001	0.650908	-	-	-	-	G
C03474783      none	B	[O-:1][N+:2](=O)!@[c:3]([cH,nX2H0])[cH,nX2H0:4]	179.983	23.2156	-	-	-	-	G
CHEMBL394942      none	B	[nH0r6:1][cr6:2]([nH0r6])!@[cr6:3]([cH1r6])[cH1r6:4]	120.011	0.28169	-	-	-	-	R
CHEMBL394942      none	B	[O-:1][N+:2](=O)!@[c:3]([cH,nX2H0])[cH,nX2H0:4]	-179.743	23.2156	-	-	-	-	G
C37328547      none	B	[aH0:1][c:2]([aH0])!@[SX2:3][!#1:4]	150.007	0.567303	-	-	-	-	O
C37328547      none	B	[!#1:1][CX4:2]!@[SX2:3][!#1:4]	160.004	2.91722	-	-	-	-	G
C37328547      none	B	[a:1][c:2]!@[CX4H2:3][!#1:4]	-179.727	2.35335	-	-	-	-	O
C41367593      none	B	[c:1][c:2]!@[c:3][s,o,nX3H1:4]	180	12.4984	-	-	-	-	G
C41367593      none	B	[a:1][c:2]!@[CX4H2:3][a:4]	-44.9967	1.48496	-	-	-	-	O
C41367593      none	B	[!#1:1][CH2:2]!@[n:3][a:4]	135.311	0.423307	-	-	-	-	O
C37562687      none	B	[cH0:1][c:2]([cH0])!@[NX3:3][CX4:4]	90.0001	8.35763	-	-	-	-	G
C37562687      none	B	[!#1:1][CX4H2:2]!@[NX3H1:3][!#1:4]	180	11.3535	-	-	-	-	G
C37562687      none	B	[a:1][c:2]!@[CX4H2:3][!#1:4]	-134.716	2.0362	-	-	-	-	O
C37562687      none	B	[O-:1][N+:2](=O)!@[c:3][a:4]	-0.00838114	18.5814	-	-	-	-	G
C67653533      none	B	[aH0:1][c:2]([aH0])!@[SX2:3][!#1:4]	29.9938	0.412584	-	-	-	-	O
C67653533      none	B	[a:1][c:2]!@[CX4H2:3][!#1:4]	179.994	2.35335	-	-	-	-	O
C67653533      none	B	[!#1:1][CX4:2]!@[SX2:3][!#1:4]	160.002	2.91722	-	-	-	-	G
C67653533      none	B	[aH0:1][c:2]([aH0])!@[SX2:3][!#1:4]	-29.9971	0.51573	-	-	-	-	O
C67653533      none	B	[c:1][c:2]!@[c:3][s,o,nX3H1:4]	0.5008	17.837	-	-	-	-	G
C43667824      none	B	[!#1:1][CH2:2]!@[n:3][cH0:4]	180	0.148746	-	-	-	-	R
C43667824      none	B	[a:1][c:2]!@[CX4H2:3][a:4]	135.333	1.80451	-	-	-	-	O
C40273210      none	B	[cH1:1][a:2]([cH1])!@[a:3]([sX2,o,nX2H0,nX3H1:4])([cH1])	-29.9929	3.71145	-	-	-	-	G
C40273210      none	B	[a:1][c:2]!@[CX4H1:3][H:4]	30.0059	4.04281	-	-	-	-	G
C40273210      none	B	[!#1:1][CX4:2]!@[CX4:3][!#1:4]	180	22.1548	-	-	-	-	G
C00397948      none	B	[$(C=O):1][NX3:2]!@[a:3][aH0:4]	-149.999	1.98526	-	-	-	-	O
C00397948      none	B	[O:1]=[CX3:2]!@[NX3H1:3][!#1:4]	-0.00504338	63.7893	-	-	-	-	G
C00397948      none	B	[O:1]=[C:2]!@[O:3]~[!#1:4]	0.0147828	73.7697	-	-	-	-	G
C00397948      none	B	[$(C=O):1][O:2]!@[c:3]~[*:4]	-60.0038	3.51406	-	-	-	-	G
C37797211      none	B	[a:1][c:2]!@[CX4H2:3][!#1:4]	-89.9979	7.30446	-	-	-	-	G
C37797211      none	B	[!#1:1][CX4H2:2]!@[NX3H1:3][!#1:4]	150.004	1.87295	-	-	-	-	O
C37797211      none	B	[cH0:1][c:2]([cH0])!@[NX3:3][CX4:4]	-89.7374	8.30904	-	-	-	-	G
C08709981      none	B	[a:1][ar6:2]!@[ar5:3][a:4]	-179.718	7.27752	-	-	-	-	G
C08709981      none	B	[aH1:1][c:2]([aH0])!@[SX2:3][!#1:4]	90.002	1.8677	-	-	-	-	G
C08709981      none	B	[!#1:1][CX4:2]!@[SX2:3][!#1:4]	159.999	2.91722	-	-	-	-	G
C08709981      none	B	[a:1][c:2]!@[CX4H2:3][!#1:4]	90.2951	7.24386	-	-	-	-	G
C08709981      none	B	[*:1]~[CX4:2]!@[n:3]~[*:4]	-120.006	3.09532	-	-	-	-	G
C62821370      none	B	[a:1][c:2]!@[CX4H2:3][a:4]	-134.994	2.23684	-	-	-	-	O
C62821370      none	B	[a:1][c:2]!@[CX4H2:3][a:4]	90.3014	4.86842	-	-	-	-	G
C62821370      none	B	[a:1][c:2]!@[CX4H2:3][!#1:4]	-135.002	1.61199	-	-	-	-	O
C62821370      none	B	[*:1]~[CX4:2]!@[NX4:3]~[*:4]	59.9982	15.3058	-	-	-	-	G
C62821370      none	B	[*:1]~[CX4:2]!@[NX4:3]~[*:4]	148.63	0.759429	-	-	-	-	O
C40496498      none	B	[!#1:1][CX4H2:2]!@[CX4H2:3][!#1:4]	-60.0012	3.77933	-	-	-	-	G
C40496498      none	B	[n,o,s:1][c:2]!@[CX4H2:3][CX4:4]	-44.6954	0.972326	-	-	-	-	O
C40496498      none	B	[a:1][c:2]!@[CX4H1:3][H:4]	-60.0061	1.09004	-	-	-	-	G
C40496498      none	B	[!#1:1][CX4:2]!@[SX2:3][!#1:4]	160	2.91722	-	-	-	-	G
C40496498      none	B	[aH0:1][c:2]([aH0])!@[SX2:3][!#1:4]	-0.0026021	13.1253	-	-	-	-	G
CHEMBL198810      none	B	[a:1][a:2]!@[CX3:3]=[CX3H1:4]	-20.0009	3.14121	-	-	-	-	G
CHEMBL198810      none	B	[CX3:1]=[CX3:2]!@[CX3:3]=[CX3:4]	180	49.5465	-	-	-	-	G
CHEMBL198810      none	B	[a:1][a:2]!@[CX3:3]=[CX3H1:4]	-20.0028	3.14121	-	-	-	-	G
C08138088      none	B	[O:1]=[C:2]!@[O:3]~[C:4]	0.00338231	74.4927	-	-	-	-	G
C08138088      none	B	[s:1][c:2]([aX2,cH1])!@[CX3:3](O)=[O:4]	0.00576191	31.1475	-	-	-	-	G
C08138088      none	B	[c:1][c:2]!@[c:3][s,o,nX3H1:4]	180	12.4984	-	-	-	-	G
C44494475      none	B	[a:1][c:2]!@[CX4H1:3][N,O:4]	-120.003	3.08052	-	-	-	-	G
C44494475      none	B	[!#1:1][CX4H1:2]!@[NX3:3][!#1:4]	89.9927	2.80893	-	-	-	-	G
C44494475      none	B	[cH0:1][c:2]([cH,nX2H0])!@[NX3H1:3][CX4:4]	90.0063	0	-	-	-	-	R
C37981674      none	B	[cH1:1][c:2]([cH1])!@[O:3][c:4]	-45.0092	1.28795	-	-	-	-	G
C37981674      none	B	[aH0:1][c:2]!@[OX2:3][!#1:4]	0.0073328	2.68047	-	-	-	-	G
C50911483      none	B	[cH0:1][c:2]([cH,nX2H0])!@[NX3H0:3][CX4:4]	149.728	2.61588	-	-	-	-	O
C50911483      none	B	[cH1:1][c:2]([cH1])!@[CX3:3]=[O:4]	179.999	13.4921	-	-	-	-	G
C50911483      none	B	[O-:1][N+:2](=O)!@[c:3]([cH0])[cH,nX2H0:4]	90.262	0.274725	-	-	-	-	O
C19992334      none	B	[!#1:1][CX4H2:2]!@[CX4H2:3][!#1:4]	59.9908	3.99483	-	-	-	-	G
C19992334      none	B	[!#1:1][CX4H2:2]!@[CX4H2:3][!#1:4]	179.996	58.554	-	-	-	-	G
C19992334      none	B	[!#1:1][CH2:2]!@[n:3][cH0:4]	90.2759	14.7896	-	-	-	-	G
C19992334      none	B	[c:1][c:2]!@[c:3][s,o,nX3H1:4]	-29.7166	2.72579	-	-	-	-	G
C37981634      none	B	[cH1:1][c:2]([cH1])!@[O:3][c:4]	-44.9913	2.5759	-	-	-	-	G
C37981634      none	B	[aH0:1][c:2]!@[OX2:3][!#1:4]	-179.722	24.9334	-	-	-	-	G
CHEMBL472080      none	B	[$([cH0](=O)):1][c:2]([cH1])!@[CX3:3]([NX3H1,NX3H2])=[O:4]	179.981	78.9474	-	-	-	-	G
CHEMBL472080      none	B	[O:1]=[CX3:2]!@[NX3H1:3][!#1:4]	0.00332256	63.7893	-	-	-	-	G
CHEMBL472080      none	B	[$(C=O):1][NX3H1:2]!@[CX4H1:3][H:4]	30.001	9.46757	-	-	-	-	G
C49601258      none	B	[cH0:1][c:2]([cH1])!@[O:3][C:4]	-89.9941	0.64732	-	-	-	-	R
C49601258      none	B	[aH1:1][c:2]([aH0])!@[SX2:3][!#1:4]	-29.7181	1.8677	-	-	-	-	O
C49601258      none	B	[!#1:1][CX4:2]!@[SX2:3][!#1:4]	160	2.91722	-	-	-	-	G
C49601258      none	B	[a:1][c:2]!@[CX4H2:3][!#1:4]	-134.724	2.0362	-	-	-	-	O
C49601258      none	B	[cH0:1][c:2]([cH1])!@[O:3][C:4]	90.0043	0.6255	-	-	-	-	R
C37772959      none	B	[!#1:1][CX4H1:2]!@[NX3:3][!#1:4]	-119.996	4.10724	-	-	-	-	O
C37772959      none	B	[cH1:1][c:2]([cH1])!@[NX3:3][CX4:4]	29.9995	1.31332	-	-	-	-	G
C48695379      none	B	[$(C=O):1][NX3H1:2]!@[c:3]([cH1])[cH1:4]	149.994	5.05437	-	-	-	-	G
C48695379      none	B	[O:1]=[CX3:2]!@[NX3H1:3][!#1:4]	29.9908	0.0707142	-	-	-	-	O
C48695379      none	B	[O:1]=[CX3:2]!@[NX3H0:3][!#1:4]	-179.679	18.2537	-	-	-	-	G
C48560608      none	B	[aH0:1][c:2]!@[OX2:3][!#1:4]	-90.0041	6.47358	-	-	-	-	G
C48560608      none	B	[cH1:1][c:2]([cH0])!@[O:3][c:4]	-119.731	1.72043	-	-	-	-	G
C48560608      none	B	[O-:1][N+:2](=O)!@[c:3]([cH,nX2H0])[cH,nX2H0:4]	180	23.2156	-	-	-	-	G
C38074902      none	B	[cH1:1][a:2]([cH1])!@[a:3]([sX2,o,nX2H0,nX3H1:4])([cH0])	30.0034	4.34028	-	-	-	-	G
C38074902      none	B	[a:1][a:2]!@[a:3][$(a!@a):4]	-149.692	2.07009	-	-	-	-	G
C34937588      none	B	[n,o,s:1][c:2]!@[CX4H2:3][CX4:4]	89.9543	4.03889	-	-	-	-	G
C34937588      none	B	[!#1:1][CX4H2:2]!@[CX4H2:3][!#1:4]	60.0086	3.99483	-	-	-	-	G
C34937588      none	B	[!#1:1][CX4H2:2]!@[NX3H1:3][!#1:4]	120.004	2.00811	-	-	-	-	O
C34937588      none	B	[cH0:1][c:2]([cH,nX2H0])!@[NX3H1:3][CX4:4]	-179.717	49.7854	-	-	-	-	G
C04981816      none	B	[*:1]~[cX3:2]!@[NX2:3]~[*:4]	120.001	1.45599	-	-	-	-	O
C04981816      none	B	[*:1]~[CX3:2]!@[cX3:3]~[*:4]	-179.686	13.7809	-	-	-	-	G
C04981816      none	B	[O-:1][N+:2](=O)!@[c:3][a:4]	-0.000643527	18.5814	-	-	-	-	G
C63075477      none	B	[nX2H0:1][c:2]!@[c:3][nX3H1:4]	-59.7511	0	-	-	-	-	R
C41479858      none	B	[cH1:1][c:2]([cH1])!@[NX3:3][a:4]	29.9927	4.26696	-	-	-	-	G
C41479858      none	B	[a:1][a:2]!@[NX3:3][!#1:4]	120.283	1.62057	-	-	-	-	O
C62793286      none	B	[a:1][a:2]!@[NX3:3][!#1:4]	0.00859851	10.9271	-	-	-	-	G
C62793286      none	B	[nH0r6:1][cr6:2]([nH0r6])!@[cr6:3]([cH1r6])[cH1r6:4]	0.0070105	16.9718	-	-	-	-	G
C35182094      none	B	[a:1][c:2]!@[CX4H0:3][CX4:4]	-179.728	5.49722	-	-	-	-	G
C35182094      none	B	[cH1:1][c:2]([cH1])!@[O:3][C:4]	29.9941	0.264964	-	-	-	-	O
C35182094      none	B	[C:1][CX4H2:2]!@[OX2:3][c:4]	150.002	0.884397	-	-	-	-	O
C35182094      none	B	[O:1][CX4:2]!@[CX3:3]=[O:4]	-30.0009	2.69102	-	-	-	-	G
C35182094      none	B	[s:1][c:2]([aX2,cH1])!@[CX3:3]=[O:4]	180	12.4339	-	-	-	-	R
C43472797      none	B	[O-:1][N+:2](=O)!@[c:3]([cH0])[cH,nX2H0:4]	0.0262181	12.6374	-	-	-	-	G
C43472797      none	B	[cH1:1][c:2]([cH1])!@[O:3][c:4]	-45.0001	1.28795	-	-	-	-	G
C43472797      none	B	[aH0:1][c:2]!@[OX2:3][!#1:4]	-0.0012685	2.68047	-	-	-	-	G
C52224411      none	B	[cH1:1][a:2]([cH1])!@[a:3]([sX2,o,nX2H0,nX3H1:4])([cH1])	0.0021601	11.7616	-	-	-	-	G
C52224411      none	B	[n,o,s:1][c:2]!@[CX4H2:3][CX4:4]	29.9999	1.42109	-	-	-	-	O
C52224411      none	B	[!#1:1][CX4H2:2]!@[CX4H2:3][!#1:4]	60.0002	3.99483	-	-	-	-	G
C62331693      none	B	[cH1:1][c:2]([cH1])!@[CX3:3]=[O:4]	119.996	0.410277	-	-	-	-	R
C62331693      none	B	[s:1][c:2]([aX2,cH1])!@[CX3:3]=[O:4]	0.00385401	46.5608	-	-	-	-	G
C07121440      none	B	[cH1:1][a:2]([cH1])!@[a:3]([sX2,o,nX2H0,nX3H1:4])	0.290741	10.7602	-	-	-	-	G
C07121440      none	B	[a:1][c:2]!@[CX4H2:3][a:4]	-89.9969	5.18797	-	-	-	-	G
C07121440      none	B	[!#1:1][CH2:2]!@[n:3][cH0:4]	-135.005	0.148746	-	-	-	-	R
C19804508      none	B	[cH1:1][c:2]([cH0])!@[NX3:3][a:4]	29.9916	5.36829	-	-	-	-	G
C19804508      none	B	[a:1][a:2]!@[NX3:3][!#1:4]	120.263	1.62057	-	-	-	-	O
C38117847      none	B	[OX2:1][CX4:2]!@[CX4:3][N:4]	80.1712	3.55056	-	-	-	-	O
C38117847      none	B	[!#1:1][CX4:2]!@[NX3:3][!#1:4]	-120.003	2.54102	-	-	-	-	G
C38117847      none	B	[cH1:1][c:2]([cH1])!@[NX3:3][CX4:4]	90.0008	0.924685	-	-	-	-	O
C67372137      none	B	[cH0:1][c:2]!@[CX4H1:3][CX4:4]	154.326	3.06136	-	-	-	-	G
C67372137      none	B	[!#1:1][CX4H1:2]!@[NX3:3][!#1:4]	-120.002	4.10724	-	-	-	-	O
C67372137      none	B	[a:1][c:2]!@[NX3H1:3][$([CX4r]([C;r])([C;r])):4]	0.00790844	14.4886	-	-	-	-	G
C47195619      none	B	[$(C=O):1][O:2]!@[c:3]~[*:4]	-120.002	4.76908	-	-	-	-	G
C47195619      none	B	[O:1]=[C:2]!@[O:3]~[!#1:4]	0.00189161	73.7697	-	-	-	-	G
C47195619      none	B	[a:1][a:2]!@[CX3:3]=[O:4]	150.322	2.43757	-	-	-	-	G
C47195619      none	B	[a,!nX2H0:1][a:2]([!nX2H0])!@[a:3]([nX2H0])[nX2H0:4]	-59.9974	0	-	-	-	-	R
C01383873      none	B	[cH1:1][c:2]([cH1])!@[CX3:3]=[O:4]	-0.000334648	14.2319	-	-	-	-	G
C01383873      none	B	[O:1]=[C:2]!@[O:3]~[!#1:4]	-60.0013	0.0111089	-	-	-	-	R
C01383873      none	B	[$(C=O):1][O:2]!@[c:3]~[*:4]	-0.0106053	0.225904	-	-	-	-	R
C01383873      none	B	[cH1:1][a:2]([cH1])!@[a:3]([sX2,o,nX2H0,nX3H1:4])([cH0])	30.5072	4.34028	-	-	-	-	G
C37074563      none	B	[a:1][c:2]!@[NX3H1:3][$([CX4r]([C;r])([C;r])):4]	89.9984	0	-	-	-	-	R
C37074563      none	B	[!#1:1][CX4H1:2]!@[NX3:3][!#1:4]	58.6993	5.65868	-	-	-	-	G
C40449111      none	B	[$(C=O):1][O:2]!@[CH2:3]~[C:4]	-120.004	1.56085	-	-	-	-	O
C40449111      none	B	[O:1]=[C:2]!@[O:3]~[C:4]	-59.9929	0.0117156	-	-	-	-	R
C40449111      none	B	[a:1][a:2]!@[CX3:3]=[O:4]	0.305793	15.3068	-	-	-	-	G
C40449111      none	B	[cH0:1][c:2]([cH1])!@[c:3]([cH1:4])[cH1]	120.284	4.89762	-	-	-	-	G
C37360022      none	B	[n,o,s:1][c:2]!@[CX4H2:3][CX4:4]	-44.9965	0.972326	-	-	-	-	O
C37360022      none	B	[s:1][c:2]([aX2,cH1])!@[CX3:3]=[O:4]	120.226	0	-	-	-	-	R
C37360022      none	B	[cH1:1][c:2]([cH1])!@[CX3:3]=[O:4]	-149.716	3.39656	-	-	-	-	O
C30291573      none	B	[cH0:1][c:2]!@[CX4H2:3][CX4:4]	180	4.40506	-	-	-	-	R
C30291573      none	B	[cH0:1][c:2]([cH,nX2H0])!@[NX3H1:3][CX4:4]	180	49.7854	-	-	-	-	G
C30291573      none	B	[!#1:1][CX4H2:2]!@[NX3H1:3][!#1:4]	179.994	11.3535	-	-	-	-	G
C30291573      none	B	N[C:2](=[O:1])!@[CH2:3][N:4]	-30.002	4.7619	-	-	-	-	G
C30291573      none	B	[O:1]=[CX3:2]!@[NX3H1:3][!#1:4]	-0.00286221	63.7893	-	-	-	-	G
C30291573      none	B	[$(C=O):1][NX3H1:2]!@[CX4H2:3][!#1:4]	179.999	5.78057	-	-	-	-	G
C30291573      none	B	[a:1][c:2]!@[CX4H2:3][!#1:4]	-179.679	2.35335	-	-	-	-	O
C36902194      none	B	[cH0:1][c:2]([cH0])!@[NX3:3][CX4:4]	-139.995	1.16618	-	-	-	-	O
C36902194      none	B	[!#1:1][CX4H2:2]!@[NX3H1:3][!#1:4]	-149.999	1.95018	-	-	-	-	O
C36902194      none	B	[a:1][c:2]!@[CX4H2:3][!#1:4]	-89.7183	7.30446	-	-	-	-	G
C37070243      none	B	[a:1][c:2]!@[CX4H2:3][!#1:4]	180	2.35335	-	-	-	-	O
C37070243      none	B	[!#1:1][CX4H2:2]!@[NX3H1:3][!#1:4]	150.003	1.87295	-	-	-	-	O
C37070243      none	B	[cH1:1][c:2]([cH1])!@[NX3:3][CX4:4]	160.273	2.99518	-	-	-	-	G
C05861939      none	B	[a:1][ar5:2]!@[ar5:3][a:4]	120.318	1.03053	-	-	-	-	R
C05861939      none	B	[aH0:1][c:2]([aH0])!@[SX2:3][!#1:4]	180	14.0278	-	-	-	-	G
C05861939      none	B	[!#1:1][CX4:2]!@[SX2:3][!#1:4]	160.004	2.91722	-	-	-	-	G
C05861939      none	B	[a:1][c:2]!@[CX4H2:3][!#1:4]	135.317	1.69481	-	-	-	-	O
C38579842      none	B	[cH0:1][c:2]!@[CX4H2:3][N,O,S:4]	90.0034	7.74238	-	-	-	-	G
C38579842      none	B	[!#1:1][CX4H2:2]!@[NX3H1:3][!#1:4]	-119.999	2.14327	-	-	-	-	O
C38579842      none	B	[a:1][a:2]!@[NX3:3][!#1:4]	-159.72	2.54422	-	-	-	-	O
C61682512      none	B	[cH0:1][c:2]!@[CX4H1:3][CX4:4]	59.9982	1.73972	-	-	-	-	G
C61682512      none	B	[!#1:1][CX4H1:2]!@[NX3:3][!#1:4]	-120	4.10724	-	-	-	-	O
C61682512      none	B	[cH1:1][c:2]([cH1])!@[NX3:3][CX4:4]	29.9982	1.31332	-	-	-	-	G
C61682512      none	B	[*:1]~[CX4:2]!@[n:3]~[*:4]	-29.9969	3.02285	-	-	-	-	G
C54724227      none	B	[a:1][c:2]!@[CX4H1:3][N,O:4]	150.007	3.7643	-	-	-	-	G
C54724227      none	B	[!#1:1][CH2:2]!@[n:3][a:4]	0.000969133	0.0996016	-	-	-	-	R
C54724227      none	B	[a:1][c:2]!@[CX4H2:3][a:4]	135.281	1.80451	-	-	-	-	O
C54724227      none	B	[a:1][c:2]!@[CX4H0:3][CX4:4]	-0.130142	4.9669	-	-	-	-	G
C20075162      none	B	[a:1][c:2]!@[CX4H2:3][!#1:4]	-44.9961	1.62815	-	-	-	-	O
C20075162      none	B	[!#1:1][CX4H2:2]!@[NX3H1:3][!#1:4]	180	11.3535	-	-	-	-	G
C20075162      none	B	[cH0:1][c:2]([cH,nX2H0])!@[NX3H1:3][CX4:4]	-160.004	4.72103	-	-	-	-	O
C00052702      none	B	[c:1][cr6:2]!@[cr5:3][c:4]	120.276	2.69374	-	-	-	-	G
C00052702      none	B	[O-:1][N+:2](=O)!@[c:3]([cH,nX2H0])[cH,nX2H0:4]	180	23.2156	-	-	-	-	G
C22956179      none	B	[c:1][c:2]!@[c:3][s,o,nX3H1:4]	0.0117704	17.837	-	-	-	-	G
C22956179      none	B	[a:1][c:2]!@[CX4H2:3][!#1:4]	-44.9995	1.62815	-	-	-	-	O
C22956179      none	B	[!#1:1][CX4:2]!@[SX2:3][!#1:4]	-160.001	3.18377	-	-	-	-	G
C22956179      none	B	[aH0:1][c:2]([aH0])!@[SX2:3][!#1:4]	29.9997	0.412584	-	-	-	-	O
C61992277      none	B	[$(C=O):1][O:2]!@[CH2:3]~[C:4]	180	23.3458	-	-	-	-	G
C61992277      none	B	[O:1]=[C:2]([N])!@[O:3]~[C:4]	-0.0119503	57.729	-	-	-	-	G
C61992277      none	B	[O:1]=[CX3:2]!@[NX3H1:3][!#1:4]	0.00138091	63.7893	-	-	-	-	G
C61992277      none	B	[$(C=O):1][NX3H1:2]!@[c:3](s)[n:4]	0.319185	0.574713	-	-	-	-	R
CHEMBL18153      none	B	[cH1:1][c:2]([cH1])!@[O:3][C:4]	-90.0006	0.464773	-	-	-	-	R
CHEMBL18153      none	B	[c:1][CX4H2:2]!@[OX2:3][c:4]	120.005	0.172563	-	-	-	-	R
CHEMBL18153      none	B	[nX2r6:1][cH0r6:2]([cH1r6])!@[CX4H2:3][O!H:4]	-135.005	2.7027	-	-	-	-	R
C36939236      none	B	[O-:1][N+:2](=O)!@[c:3]([cH,nX2H0])[cH,nX2H0:4]	179.97	23.2156	-	-	-	-	G
C36939236      none	B	[cH1:1][c:2]!@[c:3]([cH1])[nX2H0:4]	0.000459187	25.7136	-	-	-	-	G
C37906418      none	B	[cH0:1][c:2]([cH,nX2H0])!@[NX3H1:3][CX4:4]	-90.0088	0	-	-	-	-	R
C37906418      none	B	[!#1:1][CX4H1:2]!@[NX3:3][!#1:4]	-79.9878	4.33043	-	-	-	-	G
C37906418      none	B	[a:1][c:2]!@[CX4H1:3][N,O:4]	-89.9958	1.29082	-	-	-	-	G
C04936376      none	B	[aH0:1][c:2]([aH0])!@[SX2:3][!#1:4]	-29.9964	0.51573	-	-	-	-	O
C04936376      none	B	[!#1:1][CH2:2]!@[n:3][cH0:4]	90.002	14.7896	-	-	-	-	G
C04936376      none	B	[CX3:1]=[CX3:2]!@[CH2:3][!#1:4]	89.9969	5.15376	-	-	-	-	G
C04936376      none	B	[!#1:1][CX4:2]!@[SX2:3][!#1:4]	59.9952	7.53739	-	-	-	-	G
C04936376      none	B	[!#1:1][CX4H2:2]!@[CX3:3]=[O:4]	59.9987	1.20812	-	-	-	-	G
C04936376      none	B	[O:1]=[CX3:2]!@[NX3H1:3][!#1:4]	0.00502711	63.7893	-	-	-	-	G
C04936376      none	B	[$(C=O):1][NX3H1:2]!@[c:3]([cH1])[cH1:4]	-150.001	5.07451	-	-	-	-	G
C40712215      none	B	[cH1:1][c:2]([cH0])!@[NX3:3][a:4]	-59.9894	2.74657	-	-	-	-	O
C40712215      none	B	[a:1][a:2]!@[NX3:3][!#1:4]	-149.726	1.91104	-	-	-	-	O
C36749117      none	B	[a:1][a:2]!@[NX3:3][!#1:4]	-149.993	1.91104	-	-	-	-	O
C36749117      none	B	[cH1:1][c:2]([cH1])!@[NX3:3][a:4]	-89.7285	0.687715	-	-	-	-	O
C36749117      none	B	[aH1:1][c:2]([aH1])!@[SX2:3][!#1:4]	-120	2.48742	-	-	-	-	G
C63458660      none	B	[a:1][c:2]!@[CX4H0:3][CX4:4]	-119.674	5.28723	-	-	-	-	G
C63458660      none	B	[a:1][c:2]!@[CX4H2:3][a:4]	134.993	1.74812	-	-	-	-	O
C63458660      none	B	[!#1:1][CH2:2]!@[n:3][a:4]	-179.695	0.161853	-	-	-	-	R
C03308642      none	B	[cH0:1][c:2]!@[CX4H2:3][N,O,S:4]	-89.9991	7.87941	-	-	-	-	G
C03308642      none	B	[c:1][CX4H2:2]!@[OX2:3][C:4]	120	0.339506	-	-	-	-	G
C03308642      none	B	[O:1]=[C:2]!@[O:3]~[C:4]	-30.0012	0.0890388	-	-	-	-	R
C03308642      none	B	[c:1][CX4H2:2]!@[CX3:3]=[O:4]	120.006	1.4245	-	-	-	-	O
C03308642      none	B	[cH0:1][c:2]!@[CX4H2:3][CX3:4]	-134.999	0.40107	-	-	-	-	R
C48391468      none	B	[aH1:1][c:2]([aH0])!@[SX2:3][*R:4]	-59.9984	0.765306	-	-	-	-	O
C48391468      none	B	[O-:1][N+:2](=O)!@[c:3]([cH0])[cH,nX2H0:4]	-0.0260397	12.6374	-	-	-	-	G
C48391468      none	B	[aH0:1][c:2]([aH0])!@[SX2:3][!#1:4]	179.999	14.0278	-	-	-	-	G
C04518076      none	B	[cH0:1][c:2]([cH1])!@[O:3][C:4]	59.9996	0.130919	-	-	-	-	R
C04518076      none	B	[c:1][CX4H2:2]!@[OX2:3][c:4]	90.0019	0.776531	-	-	-	-	G
C04518076      none	B	[a:1][c:2]!@[CX4H2:3][!#1:4]	-44.6848	1.62815	-	-	-	-	O
CHEMBL464799      none	B	[a:1][c:2]!@[CX4H2:3][!#1:4]	150.025	1.43221	-	-	-	-	O
CHEMBL464799      none	B	[$(C=O):1][NX3H1:2]!@[CX4H2:3][$([c]([cH,nX2H0])[cH,nX2H0]):4]	179.997	3.5443	-	-	-	-	G
CHEMBL464799      none	B	[O:1]=[CX3:2]!@[NX3H1:3][!#1:4]	0.0041795	63.7893	-	-	-	-	G
CHEMBL464799      none	B	[a:1][c:2]!@[C:3]([NH1,NH2])=[O:4]	120.295	0.644517	-	-	-	-	G
C54770416      none	B	[cH0:1][c:2]([cH,nX2H0])!@[NX3H1:3][CX4:4]	-160.03	4.72103	-	-	-	-	O
C54770416      none	B	[!#1:1][CX4H2:2]!@[NX3H1:3][!#1:4]	-150.001	1.95018	-	-	-	-	O
C54770416      none	B	[a:1][c:2]!@[CX4H2:3][!#1:4]	90.3375	7.24386	-	-	-	-	G
C09603011      none	B	[c:1][c:2]!@[c:3][s,o,nX3H1:4]	160.005	3.02726	-	-	-	-	G
C09603011      none	B	[a:1][c:2]!@[CX4H1:3][N,O:4]	-0.00245543	1.53503	-	-	-	-	G
C09603011      none	B	[!#1:1][CX4H1:2]!@[NX3:3][!#1:4]	149.995	2.7681	-	-	-	-	G
C09603011      none	B	[cH1:1][c:2]([cH1])!@[NX3:3][CX4:4]	89.9971	0.924685	-	-	-	-	O
C62152878      none	B	[c:1][c:2]!@[c:3][s,o,nX3H1:4]	0.294253	17.837	-	-	-	-	G
C11317098      none	B	[aH0:1][c:2]([aH0])!@[SX2:3][!#1:4]	119.996	1.75348	-	-	-	-	G
C11317098      none	B	[!#1:1][CX4:2]!@[SX2:3][!#1:4]	60.0045	7.53739	-	-	-	-	G
C11317098      none	B	[cH0:1][c:2]!@[CX4H2:3][N,O,S:4]	-90.0062	7.87941	-	-	-	-	G
C54077713      none	B	[!#1:1][CX4:2]!@[CX4:3][!#1:4]	63.6486	12.3771	-	-	-	-	G
C54077713      none	B	[!#1:1][CX4H1:2]!@[NX3:3][!#1:4]	-119.996	4.10724	-	-	-	-	O
C54077713      none	B	[cH1:1][c:2]([cH1])!@[NX3:3][CX4:4]	59.9943	1.23291	-	-	-	-	O
C54077713      none	B	[cH1,nX2H0:1][c:2]([cH1,nX2H0])!@[NX3r:3][*:4]	-29.7096	1.80261	-	-	-	-	O
C37069966      none	B	[a:1][c:2]!@[CX4H1:3][N,O:4]	119.995	3.12238	-	-	-	-	G
C37069966      none	B	[!#1:1][CX4H1:2]!@[NX3:3][!#1:4]	39.9918	0.710397	-	-	-	-	G
C37069966      none	B	[cH1:1][c:2]([cH1])!@[NX3:3][CX4:4]	-149.999	1.27312	-	-	-	-	O
C52178126      none	B	[cH1,nX2H0:1][c:2]([cH1,nX2H0])!@[NX3r:3][*:4]	120.33	2.56328	-	-	-	-	O
C52178126      none	B	[cH1:1][c:2]([cH1])!@[NX3:3][CX4:4]	-160.041	2.66685	-	-	-	-	G
C52178126      none	B	[!#1:1][CX4H2:2]!@[NX3H1:3][!#1:4]	150.006	1.87295	-	-	-	-	O
C52178126      none	B	[!#1:1][CX4:2]!@[CX4:3][!#1:4]	59.5725	12.3771	-	-	-	-	G
C62432812      none	B	[cH1:1][c:2]([cH1])!@[CX4H2:3][CX4:4]	89.9985	11.713	-	-	-	-	G
C62432812      none	B	[a:1][c:2]!@[CX4H2:3][a:4]	135.001	1.80451	-	-	-	-	O
C62432812      none	B	[cH0:1][c:2]!@[CX4H2:3][a:4]	-179.699	3.96197	-	-	-	-	G
C25175760      none	B	[nX2r6:1][cH0r6:2]([cH1r6])!@[CX4H2:3][O!H:4]	-44.5344	1.35135	-	-	-	-	R
C25175760      none	B	[c:1][CX4H2:2]!@[OX2:3][C:4]	180	23.858	-	-	-	-	G
C25175760      none	B	[O:1]=[C:2]!@[O:3]~[C:4]	-0.00536407	74.4927	-	-	-	-	G
C25175760      none	B	[c:1][CX4H2:2]!@[CX3:3]=[O:4]	-0.0134272	11.5385	-	-	-	-	G
C25175760      none	B	[a:1][c:2]!@[CX4H2:3][CX3:4]	90.2727	7.83807	-	-	-	-	G
CHEMBL570731      none	B	[cH0:1][c:2]([cH1])!@[c:3]([cH1:4])[cH1]	-179.75	0.193691	-	-	-	-	R
CHEMBL570731      none	B	[cH1:1][c:2]([cH1])!@[O:3][C:4]	179.999	26.896	-	-	-	-	G
C12659305      none	B	[aH0:1][c:2]([aH0])!@[SX2:3][!#1:4]	150.005	0.567303	-	-	-	-	O
C12659305      none	B	[!#1:1][CX4:2]!@[SX2:3][!#1:4]	160.002	2.91722	-	-	-	-	G
C12659305      none	B	[a:1][c:2]!@[CX4H2:3][!#1:4]	-179.694	2.35335	-	-	-	-	O
C16124430      none	B	[O:1]=[C:2]!@[O:3]~[C:4]	-0.00251558	74.4927	-	-	-	-	G
C16124430      none	B	[cH1:1][c:2]([cH1])!@[CX3:3]=[O:4]	0.270282	14.2319	-	-	-	-	G
C37301583      none	B	[cH0:1][c:2]([cH,nX2H0])!@[NX3H1:3][CX4:4]	180	49.7854	-	-	-	-	G
C37301583      none	B	[!#1:1][CX4H2:2]!@[NX3H1:3][!#1:4]	179.999	11.3535	-	-	-	-	G
C37301583      none	B	[a:1][c:2]!@[CX4H2:3][!#1:4]	135.264	1.69481	-	-	-	-	O
C09651746      none	B	[cH1,nX2H0:1][c:2]([cH1,nX2H0])!@[NX3r:3][*:4]	150.308	1.71312	-	-	-	-	O
C09651746      none	B	[aH0:1][c:2]([aH0])!@[SX2:3][!#1:4]	-60.0011	1.39247	-	-	-	-	G
C09651746      none	B	[!#1:1][CX4:2]!@[SX2:3][!#1:4]	90.0005	2.8728	-	-	-	-	G
C49509796      none	B	[a:1][a:2]!@[CX3:3]=[CX3H1:4]	149.996	2.24372	-	-	-	-	G
C49509796      none	B	[*^2:1]~[C^2:2]([!H])!@[C^2:3]~[*^2:4]	30.0013	1.05249	-	-	-	-	G
C49509796      none	B	[O:1]=[CX3:2]!@[NX3H1:3][!#1:4]	0.00177457	63.7893	-	-	-	-	G
C49509796      none	B	[$(C=O):1][NX3H1:2]!@[c:3]([cH1])[cH1:4]	-30.0087	5.05437	-	-	-	-	G
C49509796      none	B	[O:1]=[C:2]!@[NX3H0:3]([a:4])[A]	-179.958	18.3322	-	-	-	-	G
C49509796      none	B	[O:1]=[CX3:2]!@[CX4H1r3:3][H:4]	119.998	1.33333	-	-	-	-	O
C12287988      none	B	[!#1:1][CH2:2]!@[n:3][cH0:4]	90.273	14.7896	-	-	-	-	G
C12287988      none	B	[O-:1][N+:2](=O)!@[c:3]([cH,nX2H0])[cH,nX2H0:4]	179.973	23.2156	-	-	-	-	G
C12287988      none	B	[*:1]~[CX3:2]!@[NX2:3]~[*:4]	29.9996	0.221797	-	-	-	-	O
C12287988      none	B	[O:1]=[CX3:2]!@[CX4H1r3:3][H:4]	180	19.5	-	-	-	-	G
C40516071      none	B	[a:1][c:2]!@[CX4H2:3][a:4]	-90.0068	5.18797	-	-	-	-	G
C40516071      none	B	[!#1:1][CH2:2]!@[n:3][a:4]	-44.688	0.361056	-	-	-	-	O
C49877041      none	B	[a:1][c:2]!@[CX4H1:3][N,O:4]	-30.0092	3.61778	-	-	-	-	G
C49877041      none	B	[!#1:1][CX4:2]!@[CX4:3][!#1:4]	160.001	1.81259	-	-	-	-	G
C49877041      none	B	[!#1:1][CX4H2:2]!@[CX4H2:3][!#1:4]	59.9985	3.99483	-	-	-	-	G
C49877041      none	B	[!#1:1][CX4H2:2]!@[NX3H1:3][!#1:4]	179.996	11.3535	-	-	-	-	G
C49877041      none	B	[cH1:1][c:2]([cH1])!@[NX3:3][CX4:4]	20.2689	2.88127	-	-	-	-	G
C67348454      none	B	[CX3:1]=[CX3:2]!@[CH2:3][!#1:4]	120	8.78049	-	-	-	-	G
C67348454      none	B	[!#1:1][CH2:2]!@[n:3][cH0:4]	90.3117	14.7896	-	-	-	-	G
C67348454      none	B	[a:1][c:2]!@[CX4H1:3][H:4]	64.3122	1.05062	-	-	-	-	O
C67348454      none	B	[aH0:1][c:2]([aH0])!@[SX2:3][!#1:4]	-150.001	0.43837	-	-	-	-	O
C67348454      none	B	[aH0:1][c:2]([aH0])!@[SX2:3][!#1:4]	120.002	1.75348	-	-	-	-	G
C37365646      none	B	[O:1]=[C:2]!@[NX3H0:3]([a:4])[A]	180	18.3322	-	-	-	-	G
C37365646      none	B	[$(C=O):1][NX3H0:2]!@[c:3]([cH1])[cH1:4]	-119.996	4.75698	-	-	-	-	G
C37365646      none	B	[cH1:1][c:2]([cH1])!@[CX3:3]=[O:4]	180	13.4921	-	-	-	-	G
C37365646      none	B	[$([cH0]Cl):1][c:2]([cH1])!@[CX3:3]=[O:4]	-60.0008	4.77528	-	-	-	-	G
C04462968      none	B	[a:1][a:2]!@[CX3:3]=[O:4]	120.004	0.855256	-	-	-	-	O
C04462968      none	B	[O:1]=[C:2]!@[O:3]~[C:4]	30.0029	0.0796663	-	-	-	-	R
C04462968      none	B	[c:1][CX4H2:2]!@[OX2:3][C:4]	-150.004	1.94444	-	-	-	-	G
C04462968      none	B	[cH0:1][c:2]!@[CX4H2:3][N,O,S:4]	135.001	0.650908	-	-	-	-	G
C08923400      none	B	[cH1:1][c:2]([cH1])!@[CX3:3]=[NX2:4]	-149.724	2.34391	-	-	-	-	G
C08923400      none	B	[C:1][CX4:2]!@[NX3:3][C:4]	141.375	1.83977	-	-	-	-	G
C61683701      none	B	[*:1]~[CX4:2]!@[n:3]~[*:4]	-0.00193505	3.06862	-	-	-	-	G
C61683701      none	B	[cH1:1][c:2]([cH1])!@[NX3:3][a:4]	149.997	4.43889	-	-	-	-	G
C61683701      none	B	[a:1][a:2]!@[NX3:3][!#1:4]	-179.729	11.4213	-	-	-	-	G
C01026207      none	B	[$(C=O):1][O:2]!@[CH2:3]~[C:4]	180	23.3458	-	-	-	-	G
C01026207      none	B	[O:1]=[C:2]!@[O:3]~[C:4]	-0.00195979	74.4927	-	-	-	-	G
C01026207      none	B	[cH0:1][c:2]([cH0])!@[CX3:3]=[O:4]	-29.7125	1.10469	-	-	-	-	O
C01026207      none	B	[$([C](=O)):1][NX3:2]!@[a:3](s)[a:4]	180	61.7021	-	-	-	-	G
C01026207      none	B	[O:1]=[CX3:2]([$([NX3H1]C)])!@[NX3H1:3][!#1:4]	-0.00136863	41.1343	-	-	-	-	G
C01026207      none	B	[O:1]=[CX3:2]([$([NX3H1]C)])!@[NX3H1:3][!#1:4]	0.00295529	41.1343	-	-	-	-	G
C01026207      none	B	[$(C=O):1][NX3H1:2]!@[c:3]([cH1])[cH1:4]	-59.9985	0.241643	-	-	-	-	R
C63047037      none	B	[cH0:1][c:2]([cH,nX2H0])!@[NX3H1:3][CX4:4]	-160.005	4.72103	-	-	-	-	O
C63047037      none	B	[!#1:1][CX4H2:2]!@[NX3H1:3][!#1:4]	-150.003	1.95018	-	-	-	-	O
C63047037      none	B	[a:1][c:2]!@[CX4H2:3][!#1:4]	-89.6841	7.30446	-	-	-	-	G
C39370770      none	B	[!#1:1][CX4:2]!@[SX2:3][!#1:4]	-60.0014	7.13757	-	-	-	-	G
C39370770      none	B	[!#1:1][CX3:2]!@[SX2:3][!#1:4]	0.0068639	5.38404	-	-	-	-	G
C39370770      none	B	[*:1]~[CX4:2]!@[CX3:3]~[*:4]	59.9989	5.3091	-	-	-	-	G
C37103689      none	B	[cH0:1][c:2]!@[CX4H2:3][N,O,S:4]	-89.9995	7.87941	-	-	-	-	G
C37103689      none	B	[!#1:1][CX4H2:2]!@[NX3H1:3][!#1:4]	-120.003	2.14327	-	-	-	-	O
C37103689      none	B	[cH1:1][c:2]([cH1])!@[NX3:3][CX4:4]	20.2702	2.88127	-	-	-	-	G
C59488750      none	B	[aH1:1][c:2]([aH0])!@[SX2:3][*R:4]	0.165007	13.5204	-	-	-	-	G
C59488750      none	B	[aH0:1][c:2]([aH0])!@[SX2:3][!#1:4]	120	1.75348	-	-	-	-	G
C59488750      none	B	[!#1:1][CH2:2]!@[n:3][cH0:4]	-45.002	0.127497	-	-	-	-	R
C59488750      none	B	[CX3:1]=[CX3:2]!@[CH2:3][!#1:4]	-60.003	0.19088	-	-	-	-	R
C40269295      none	B	[a:1][c:2]!@[CX4H1:3][a:4]	-89.9975	4.08085	-	-	-	-	G
C40269295      none	B	[a:1][c:2]!@[CX4H1:3][a:4]	-60.0056	3.71511	-	-	-	-	G
C61095054      none	-	-	-	-	-	-	-	-	-
C37785302      none	B	[cH1:1][c:2]([cH1])!@[NX3:3][CX4:4]	179.998	14.7347	-	-	-	-	G
C37785302      none	B	[!#1:1][CX4H2:2]!@[NX3H1:3][!#1:4]	179.999	11.3535	-	-	-	-	G
C37785302      none	B	[cH0:1][c:2]!@[CX4H2:3][N,O,S:4]	135.002	0.650908	-	-	-	-	G
C00166578      none	B	[cH1:1][c:2]([cH1])!@[CX3:3]=[O:4]	30.0027	3.1746	-	-	-	-	G
C00166578      none	B	[O:1]=[C:2]!@[O:3]~[!#1:4]	-0.000809076	73.7697	-	-	-	-	G
C00166578      none	B	[*:1]~[NX2:2]!@[OX2:3]~[*:4]	-59.9975	0.0691085	-	-	-	-	R
C00166578      none	B	[*:1]~[CX3:2]!@[cX3:3]~[*:4]	-179.684	13.7809	-	-	-	-	G
C43463421      none	B	[cH1:1][c:2]([cH1])!@[O:3][c:4]	44.9992	2.20791	-	-	-	-	G
C43463421      none	B	[cH1:1][c:2]([cH1])!@[O:3][c:4]	-89.7297	3.72585	-	-	-	-	G
C43463421      none	B	[a:1][c:2]([a])!@[O:3][CX4H0:4]	-90.0046	9.67742	-	-	-	-	G
C43463421      none	B	[!#1:1][CX4H0:2]!@[OX2:3][!#1:4]	119.996	0.0722881	-	-	-	-	R
C43463421      none	B	[!#1:1][CX4:2]!@[CX4:3][!#1:4]	179.999	22.1548	-	-	-	-	G
C42109306      none	B	[!#1:1][CX4H1:2]!@[NX3:3][!#1:4]	-150.005	2.59662	-	-	-	-	G
C42109306      none	B	[cH1:1][c:2]([cH1])!@[NX3:3][CX4:4]	60.0036	1.23291	-	-	-	-	O
C58367148      none	B	[cH1:1][c:2]!@[c:3]([cH1])[nX2H0:4]	0.00113781	25.7136	-	-	-	-	G
C58367148      none	B	[aH1:1][c:2]([aH0])!@[SX2:3][!#1:4]	180	3.11284	-	-	-	-	G
C58367148      none	B	[!#1:1][CX4:2]!@[SX2:3][!#1:4]	160.005	2.91722	-	-	-	-	G
C58367148      none	B	[a:1][c:2]!@[CX4H2:3][!#1:4]	135.305	1.69481	-	-	-	-	O
CHEMBL8145      none	B	[cH0:1][c:2]([cH1])!@[c:3]([cH1:4])[cH1]	-0.00243002	0.166021	-	-	-	-	R
C37885666      none	B	[cH1,n:1][c:2]!@[O:3][CH1:4]	60.0159	0.194175	-	-	-	-	R
C37885666      none	B	[cH1:1][c:2]([cH1])!@[NX3:3][CX4:4]	-160.004	2.66685	-	-	-	-	G
C37885666      none	B	[!#1:1][CX4H2:2]!@[NX3H1:3][!#1:4]	180	11.3535	-	-	-	-	G
C37885666      none	B	[OX2:1][CX4:2]!@[CX4:3][N:4]	60.0022	15.2809	-	-	-	-	G
C37885666      none	B	[H:1][CX4H1:2]!@[OX2:3][!#1:4]	-0.0115783	7.47259	-	-	-	-	G
C44397437      none	B	[cH1:1][a:2]([cH1])!@[a:3]([sX2,o,nX2H0,nX3H1:4])([cH1])	-0.00235897	11.7616	-	-	-	-	G
C44397437      none	B	[cH1:1][c:2]([cH1])!@[C:3]([NH1,NH2])=[O:4]	27.0561	8.08167	-	-	-	-	G
C44397437      none	B	[O:1]=[CX3:2]!@[NX3H1:3][!#1:4]	0.00942153	63.7893	-	-	-	-	G
C44397437      none	B	[$(C=O):1][NX3H1:2]!@[c:3](s)[n:4]	-0.0137631	0.574713	-	-	-	-	R
C40103357      none	B	[O:1]=[CX3:2]!@[NX3H0:3][!#1:4]	180	18.2537	-	-	-	-	G
C40103357      none	B	[O:1]=[CX3:2]!@[NX3H1:3][!#1:4]	30	0.0707142	-	-	-	-	O
C40103357      none	B	[$(C=O):1][NX3H1:2]!@[c:3]([cH1])[cH1:4]	119.992	0.181232	-	-	-	-	R
C43472791      none	B	[O-:1][N+:2](=O)!@[c:3]([cH0])[cH,nX2H0:4]	0.0358615	12.6374	-	-	-	-	G
C43472791      none	B	[cH1:1][c:2]([cH1])!@[O:3][c:4]	134.998	1.97792	-	-	-	-	G
C43472791      none	B	[aH0:1][c:2]!@[OX2:3][!#1:4]	-179.718	24.9334	-	-	-	-	G
C34993727      none	B	[n,o,s:1][c:2]!@[CX4H2:3][CX4:4]	89.9998	4.03889	-	-	-	-	G
C34993727      none	B	[s:1][c:2]([aX2,cH1])!@[CX3:3]=[O:4]	-179.744	12.4339	-	-	-	-	R
C34993727      none	B	[!#1:1][CX4H2:2]!@[CX3:3]=[O:4]	59.9974	1.20812	-	-	-	-	G
C34993727      none	B	[!#1:1][CX4:2]!@[SX2:3][!#1:4]	-89.9988	3.00607	-	-	-	-	G
C34993727      none	B	[aH0:1][c:2]([aH0])!@[SX2:3][!#1:4]	180	14.0278	-	-	-	-	G
C37465733      none	B	[cH0:1][c:2]!@[CX4H2:3][CX4:4]	-90.0025	18.481	-	-	-	-	G
C37465733      none	B	[!#1:1][CX4:2]!@[CX4:3][!#1:4]	160.004	1.81259	-	-	-	-	G
C37465733      none	B	[a:1][c:2]!@[CX4H1:3][N,O:4]	-60.0025	3.48172	-	-	-	-	G
C07767169      none	B	[cH1,n:1][c:2]!@[O:3][CH1:4]	29.9922	3.20388	-	-	-	-	G
C07767169      none	B	[$([cH0][OH0]):1][c:2]([cH1])!@[C:3](=O)[NH1:4]	150.007	0	-	-	-	-	R
C07767169      none	B	[O:1]=[CX3:2]!@[NX3H1:3][!#1:4]	0.00228889	63.7893	-	-	-	-	G
C07767169      none	B	[$(C=O):1][NX3H1:2]!@[c:3](s)[n:4]	-0.000690062	0.574713	-	-	-	-	R
C07767169      none	B	[H:1][CX4H1:2]!@[OX2:3][!#1:4]	150.005	0.00502866	-	-	-	-	R
C37935482      none	B	[cH1:1][c:2]([cH1])!@[NX3:3][CX4:4]	59.9995	1.23291	-	-	-	-	O
C37935482      none	B	[!#1:1][CX4H1:2]!@[NX3:3][!#1:4]	-60.011	6.546	-	-	-	-	G
C37935482      none	B	[a:1][c:2]!@[CX4H1:3][N,O:4]	90.0018	1.22453	-	-	-	-	G
C43322768      none	B	[cH1:1][c:2]([cH0])!@[NX3:3][a:4]	-60.0143	2.74657	-	-	-	-	O
C43322768      none	B	[a:1][a:2]!@[NX3:3][!#1:4]	-179.73	11.4213	-	-	-	-	G
C42577918      none	B	[cH1:1][c:2]([cH1])!@[NX3H1:3][C,c:4]	-59.9994	0.910182	-	-	-	-	O
C42577918      none	B	[a:1][a:2]!@[NX3:3][!#1:4]	-179.731	11.4213	-	-	-	-	G
C11617294      none	B	[*:1]~[NX3:2]!@[NX2:3]~[*:4]	119.995	0.129503	-	-	-	-	R
C11617294      none	B	[a:1][a:2]!@[NX3:3][!#1:4]	-179.733	11.4213	-	-	-	-	G
C11617294      none	B	[cH1,n:1][c:2]!@[O:3][CH1:4]	-0.00397591	16.8932	-	-	-	-	G
C11617294      none	B	[H:1][CX4H1:2]!@[OX2:3][!#1:4]	180	0.462637	-	-	-	-	R
CHEMBL145330      none	B	[cH1:1][c:2]([cH1])!@[c:3]([cH1:4])[cH1]	0.295781	11.2751	-	-	-	-	G
CHEMBL145330      none	B	[cH1:1][a:2]([cH1])!@[a:3]([sX2,o,nX2H0,nX3H1:4])	-179.687	10.6726	-	-	-	-	G
CHEMBL145330      none	B	[!#1:1][CH2:2]!@[n:3][a:4]	89.997	13.2097	-	-	-	-	G
CHEMBL145330      none	B	[!#1:1][CX4H2:2]!@[CX4H2:3][!#1:4]	-59.9981	3.77933	-	-	-	-	G
C35678714      none	B	[$([C](=O)):1][NX3H1:2]!@[$([a]([nH0,o])):3][cH1:4]	-29.9723	3.65591	-	-	-	-	O
C35678714      none	B	[O:1]=[CX3:2]!@[NX3H1:3][!#1:4]	-0.0142008	63.7893	-	-	-	-	G
C35678714      none	B	[O:1]=[CX3:2]([NH1])!@[CH2:3][C:4]	-59.9892	5.85305	-	-	-	-	G
C35678714      none	B	[!#1:1][CX4:2]!@[CX4:3][!#1:4]	42.2892	0.998355	-	-	-	-	G
C06757577      none	B	[!#1:1][CX4H2:2]!@[CX4H2:3][!#1:4]	-59.9977	3.77933	-	-	-	-	G
C06757577      none	B	[!#1:1][CH2:2]!@[n:3][cH0:4]	-179.684	0.148746	-	-	-	-	R
C06757577      none	B	[*:1]~[cX3:2]!@[NX2:3]~[*:4]	149.999	1.9358	-	-	-	-	O
C06757577      none	B	[cH0:1][c:2]([cH0])!@[CX3!r:3]=[NX2!r:4]	-29.7271	2.63713	-	-	-	-	G
C37886063      none	B	[a:1][c:2]!@[CX4H1:3][N,O:4]	150.027	3.7643	-	-	-	-	G
C37886063      none	B	[OX2:1][CX4:2]!@[CX4:3][N:4]	-80.0015	3.59551	-	-	-	-	G
C37886063      none	B	[!#1:1][CX4H2:2]!@[NX3H1:3][!#1:4]	89.9974	6.33327	-	-	-	-	G
C37886063      none	B	[cH1:1][c:2]([cH1])!@[NX3:3][CX4:4]	0.269961	14.0646	-	-	-	-	G
C03243867      none	B	[$(C=O):1][O:2]!@[CH2:3]~[C:4]	90.0025	4.53893	-	-	-	-	G
C03243867      none	B	[O:1]=[C:2]([N])!@[O:3]~[C:4]	-0.00869821	57.729	-	-	-	-	G
C03243867      none	B	[O:1]=[CX3:2]!@[NX3H1:3][!#1:4]	0.00434361	63.7893	-	-	-	-	G
C03243867      none	B	[*:1]~[NX3:2]!@[NX2:3]~[*:4]	149.998	0.447375	-	-	-	-	O
C03243867      none	B	[cH1:1][c:2]([cH1])!@[CX3:3]=[NX2:4]	-29.7179	2.32396	-	-	-	-	G
C55214709      none	B	[a:1][c:2]!@[CX4H1:3][N,O:4]	21.0387	2.74909	-	-	-	-	G
C47682094      none	B	[c:1][c:2]!@[c:3][s,o,nX3H1:4]	-179.722	12.4984	-	-	-	-	G
C44383724      none	B	[a:1][c:2]!@[CX4H1:3][N,O:4]	-89.9994	1.29082	-	-	-	-	G
C44383724      none	B	[a:1][c:2]!@[CX4H1:3][N,O:4]	30.0004	3.56196	-	-	-	-	G
C44383724      none	B	[cH1:1][c:2]([cH1])!@[CX4H2:3][CX4:4]	90.0275	11.713	-	-	-	-	G
C44383724      none	B	[!#1:1][CX4H2:2]!@[CX4H2:3][!#1:4]	180	58.554	-	-	-	-	G
C44383724      none	B	[!#1:1][CX4H2:2]!@[CX4H2:3][!#1:4]	59.9949	3.99483	-	-	-	-	G
C23374669      none	B	[aH0:1][c:2]([aH0])!@[SX2:3][!#1:4]	120.003	1.75348	-	-	-	-	G
C23374669      none	B	[!#1:1][CX4:2]!@[SX2:3][!#1:4]	60.002	7.53739	-	-	-	-	G
C23374669      none	B	[a:1][c:2]!@[CX4H2:3][!#1:4]	-89.7247	7.30446	-	-	-	-	G
C05379116      none	B	[*:1]~[cX3:2]!@[NX2:3]~[*:4]	-89.9959	2.13435	-	-	-	-	O
C05379116      none	B	[cH1:1][c:2]([$([cH0][OH1])])!@[CX3:3]=[NX2:4]	60.2759	0.050226	-	-	-	-	R
C36889949      none	B	[cH0:1][c:2]([cH1])!@[CX3:3]=[O:4]	0.00386464	19.7084	-	-	-	-	G
C36889949      none	B	[C:1][CX4H2:2]!@[CX3:3]=[O:4]	-60.0096	2.08575	-	-	-	-	O
C36889949      none	B	[C:1][CX4H2:2]!@[CX3:3]=[O:4]	-90.0069	1.15875	-	-	-	-	O
C36889949      none	B	[cH1:1][c:2]([cH1])!@[CX3:3]=[O:4]	120.274	0.410277	-	-	-	-	R
C37328385      none	B	[a:1][c:2]!@[CX4H2:3][a:4]	-45.0037	1.95489	-	-	-	-	O
C37328385      none	B	[!#1:1][CH2:2]!@[n:3][a:4]	-134.692	0.908865	-	-	-	-	O
C37328385      none	B	[O-:1][N+:2](=O)!@[c:3]([cH,nX2H0])[cH,nX2H0:4]	179.985	23.2156	-	-	-	-	G
C63076647      none	B	[nX2H0:1][c:2]!@[c:3][nX3H1:4]	-29.707	4.34783	-	-	-	-	R
C63076647      none	B	[a:1][c:2]!@[CX4H2:3][!#1:4]	44.9948	1.59785	-	-	-	-	O
C54459037      none	B	[cH0:1][c:2]([cH,nX2H0])!@[NX3H1:3][CX4:4]	-159.755	4.72103	-	-	-	-	O
C54459037      none	B	[!#1:1][CX4H2:2]!@[NX3H1:3][!#1:4]	180	11.3535	-	-	-	-	G
C54459037      none	B	[a:1][c:2]!@[CX4H2:3][!#1:4]	135.274	1.69481	-	-	-	-	O
C61514887      none	B	[nX2:1][c:2]([nX2])!@[O:3][C:4]	-179.711	41.4474	-	-	-	-	G
C61514887      none	B	[a:1][a:2]!@[NX3:3][!#1:4]	-60.0047	1.73028	-	-	-	-	O
C61514887      none	B	[cH0:1][c:2]([cH1])!@[NX3H1:3][C,c:4]	180	24.2264	-	-	-	-	G
C36901872      none	B	[cH0:1][c:2]([cH,nX2H0])!@[NX3H1:3][CX4:4]	159.973	3.7196	-	-	-	-	O
C36901872      none	B	[!#1:1][CX4H2:2]!@[NX3H1:3][!#1:4]	150	1.87295	-	-	-	-	O
C36901872      none	B	[a:1][c:2]!@[CX4H2:3][!#1:4]	-179.712	2.35335	-	-	-	-	O
C37187207      none	B	[a:1][c:2]!@[CX4H1:3][N,O:4]	-90.0039	1.29082	-	-	-	-	G
C37187207      none	B	[!#1:1][CX4H1:2]!@[NX3:3][!#1:4]	60.0029	5.65868	-	-	-	-	G
C37187207      none	B	[cH1:1][c:2]([cH1])!@[NX3:3][CX4:4]	-90.0032	0.86438	-	-	-	-	O
C17195847      none	B	[*:1]~[NX3:2]!@[NX2:3]~[*:4]	-150.003	0.364964	-	-	-	-	O
C17195847      none	B	[a:1][a:2]!@[NX3:3][!#1:4]	-59.7181	1.73028	-	-	-	-	O
C57795099      none	B	[$(C=O):1][O:2]!@[c:3]~[*:4]	-59.9966	3.51406	-	-	-	-	G
C57795099      none	B	[O:1]=[C:2]!@[O:3]~[!#1:4]	29.9918	0.0844276	-	-	-	-	R
C57795099      none	B	[cH1:1][c:2]([cH1])!@[CX3:3]=[O:4]	-29.6956	3.22841	-	-	-	-	G
C61850358      none	B	[*:1]~[CX3:2]!@[cX3:3]~[*:4]	120.003	1.24319	-	-	-	-	O
C61850358      none	B	[cH1:1][a:2]([cH1])!@[a:3]([sX2,o,nX2H0,nX3H1:4])([cH1])	0.00181663	11.7616	-	-	-	-	G
C61850358      none	B	[a:1][c:2]!@[CX4H1:3][H:4]	124.33	1.00725	-	-	-	-	G
C17180218      none	B	[!#1:1][CX4H2:2]!@[CX4H2:3][!#1:4]	-60.0062	3.77933	-	-	-	-	G
C17180218      none	B	[cH1:1][c:2]([cH1])!@[CX4H2:3][CX4:4]	-30.021	0.300334	-	-	-	-	R
C17180218      none	B	[cH1:1][c:2]([cH1])!@[CX3:3]=[O:4]	180	13.4921	-	-	-	-	G
C17180218      none	B	[!#1:1][CX4H2:2]!@[CX3:3]=[O:4]	29.9984	3.68098	-	-	-	-	G
C17180218      none	B	[!#1:1][CH2:2]!@[n:3][cH0:4]	89.9993	14.7896	-	-	-	-	G
C48560596      none	B	[cH1:1][c:2]([cH0])!@[O:3][c:4]	120.015	3.01075	-	-	-	-	G
C48560596      none	B	[O-:1][N+:2](=O)!@[c:3]([cH,nX2H0])[cH,nX2H0:4]	180	23.2156	-	-	-	-	G
C48560596      none	B	[aH0:1][c:2]!@[OX2:3][!#1:4]	-134.716	0.724906	-	-	-	-	R
C37388841      none	B	[$(C=O):1][NX3H1:2]!@[CX4H0:3][C:4]	60.0092	13.3187	-	-	-	-	G
C37388841      none	B	[O:1]=[CX3:2]!@[NX3H1:3][!#1:4]	-0.012709	63.7893	-	-	-	-	G
C37388841      none	B	N[C:2](=[O:1])!@[CH2:3][N:4]	30.0147	5.20833	-	-	-	-	G
C37388841      none	B	[!#1:1][CX4H2:2]!@[NX3H1:3][!#1:4]	149.998	1.87295	-	-	-	-	O
C37388841      none	B	[cH0:1][c:2]([cH,nX2H0])!@[NX3H1:3][CX4:4]	159.998	3.7196	-	-	-	-	O
C57654330      none	B	[$(C=O):1][NX3H1:2]!@[c:3]([cH1])[cH1:4]	149.975	5.05437	-	-	-	-	G
C57654330      none	B	[O:1]=[CX3:2]!@[NX3H1:3][!#1:4]	-0.00737458	63.7893	-	-	-	-	G
C57654330      none	B	[O:1]=[CX3:2]([NH1])!@[CH2:3][C:4]	120.007	0.124533	-	-	-	-	O
C57654330      none	B	[!#1:1][CX4:2]!@[CX4:3][!#1:4]	59.9954	12.3771	-	-	-	-	G
C57654330      none	B	[a:1][c:2]!@[CX4H1:3][H:4]	150.282	3.71955	-	-	-	-	G
C08701962      none	B	[cH1:1][a:2]([cH1])!@[a:3]([cH1])[cH0:4]	-30.005	0.99453	-	-	-	-	G
C08701962      none	B	[a:1][a:2]!@[CX3:3]=[O:4]	149.996	2.43757	-	-	-	-	G
C31561599      none	B	[$(C=O):1][NX3H1:2]!@[c:3]([cH1])[cH1:4]	-150.024	5.07451	-	-	-	-	G
C31561599      none	B	[cH1:1][c:2]!@[c:3]([cH1])[nX2H0:4]	149.995	1.9028	-	-	-	-	G
C31561599      none	B	[O:1]=[CX3:2]!@[NX3H1:3][!#1:4]	0.0041638	63.7893	-	-	-	-	G
C31561599      none	B	[C:1][CX4:2]!@[CX3:3]=[O:4]	-29.5852	3.42621	-	-	-	-	G
C35431368      none	B	[a:1][a:2]!@[CX3:3]=[O:4]	-0.0136671	15.3068	-	-	-	-	G
C35431368      none	B	[!#1:1][CH2:2]!@[n:3][cH0:4]	-89.9989	15.4696	-	-	-	-	G
C35431368      none	B	[!#1:1][CX4H2:2]!@[CX4H2:3][!#1:4]	180	58.554	-	-	-	-	G
C35431368      none	B	[n,o,s:1][c:2]!@[CX4H2:3][CX4:4]	90.0037	4.03889	-	-	-	-	G
C63045110      none	B	[!#1:1][CX4H2:2]!@[CX4H2:3][!#1:4]	179.998	58.554	-	-	-	-	G
C63045110      none	B	[!#1:1][CX4:2]!@[CX4:3][!#1:4]	-159.99	1.85018	-	-	-	-	G
C63045110      none	B	[!#1:1][CX4:2]!@[CX4:3][!#1:4]	179.996	22.1548	-	-	-	-	G
C63045110      none	B	[cH0:1][c:2]!@[CX4H2:3][CX4:4]	90.0022	18.5823	-	-	-	-	G
C63045110      none	B	[O-:1][N+:2](=O)!@[c:3]([cH,nX2H0])[cH,nX2H0:4]	179.973	23.2156	-	-	-	-	G
C35345842      none	B	[aH1:1][c:2]([aH1])!@[SX2:3][!#1:4]	-30.0032	2.06819	-	-	-	-	G
C35345842      none	B	[aH1:1][c:2]([aH0])!@[SX2:3][*R:4]	-30.0032	1.53061	-	-	-	-	O
C00506725      none	B	[aH0:1][c:2]([aH0])!@[SX2:3][!#1:4]	-60.0038	1.39247	-	-	-	-	G
C00506725      none	B	[!#1:1][CH2:2]!@[n:3][cH0:4]	89.9967	14.7896	-	-	-	-	G
C00506725      none	B	[CX3:1]=[CX3:2]!@[CH2:3][!#1:4]	-120.004	9.03499	-	-	-	-	G
C62148595      none	B	[cH1:1][c:2]([cH1])!@[CX4H2:3][CX4:4]	90.0102	11.713	-	-	-	-	G
C62148595      none	B	[!#1:1][CX4:2]!@[CX4:3][!#1:4]	-160.003	1.85018	-	-	-	-	G
C62148595      none	B	[a:1][c:2]!@[CX4H1:3][H:4]	-120.003	0.954033	-	-	-	-	G
C62148595      none	B	[O-:1][N+:2](=O)!@[c:3][a:4]	-0.00517162	18.5814	-	-	-	-	G
C19922328      none	B	[a:1][c:2]!@[NX3H1:3][$([CX4r]([C;r])([C;r])):4]	90.0093	0	-	-	-	-	R
C19922328      none	B	[!#1:1][CX4H1:2]!@[NX3:3][!#1:4]	-179.604	2.80076	-	-	-	-	G
C39159745      none	B	[!#1:1][CX3:2]!@[SX2:3][!#1:4]	-29.9962	1.54367	-	-	-	-	G
C39159745      none	B	[!#1:1][CX4:2]!@[SX2:3][!#1:4]	179.996	11.1654	-	-	-	-	G
C39159745      none	B	[!#1:1][CX4H2:2]!@[CX3:3]=[O:4]	30.0116	3.68098	-	-	-	-	O
C39159745      none	B	[O:1]=[CX3:2]!@[NX3H1:3][!#1:4]	-0.0106662	63.7893	-	-	-	-	G
C39159745      none	B	[$(C=O):1][NX3H1:2]!@[c:3]([cH1])[cH1:4]	-29.9942	5.05437	-	-	-	-	G
C08156665      none	B	[c:1][c:2]!@[c:3][s,o,nX3H1:4]	179.999	12.4984	-	-	-	-	G
C08156665      none	B	[aH0:1][c:2]([aH0])!@[SX2:3][!#1:4]	-60.0001	1.39247	-	-	-	-	G
C08156665      none	B	[aH0:1][c:2]([aH0])!@[SX2:3][!#1:4]	150.002	0.567303	-	-	-	-	O
C45920738      none	B	[c:1][c:2]!@[c:3][s,o,nX3H1:4]	0.000165147	17.837	-	-	-	-	G
C39580855      none	B	[O:1]=[C:2]!@[O:3]~[C:4]	0.00203621	74.4927	-	-	-	-	G
C39580855      none	B	[a:1][a:2]!@[CX3:3]=[O:4]	90.3064	0.65154	-	-	-	-	R
C39580855      none	B	[a:1][c:2]!@[CX4H2:3][!#1:4]	135.001	1.69481	-	-	-	-	O
C39580855      none	B	[!#1:1][CX4:2]!@[SX2:3][!#1:4]	179.999	11.1654	-	-	-	-	G
C39580855      none	B	[aH1:1][c:2]([aH1])!@[SX2:3][!#1:4]	-179.72	5.42202	-	-	-	-	G
C03201139      none	B	[$(C=O):1][NX3H1:2]!@[c:3](s)[n:4]	180	66.092	-	-	-	-	G
C03201139      none	B	[O:1]=[CX3:2]!@[NX3H1:3][!#1:4]	-0.00913936	63.7893	-	-	-	-	G
C03201139      none	B	[O:1]=[CX3:2]!@[CX4H1r3:3][H:4]	89.9993	0.166667	-	-	-	-	R
C41103714      none	B	[aH1:1][c:2]([aH1])!@[SX2:3][!#1:4]	-0.000364122	4.86305	-	-	-	-	G
C41103714      none	B	[a:1][c:2]!@[CX4H2:3][!#1:4]	44.998	1.59785	-	-	-	-	O
C41103714      none	B	[!#1:1][CX4:2]!@[SX2:3][!#1:4]	160	2.91722	-	-	-	-	G
C41103714      none	B	[aH0:1][c:2]([aH0])!@[SX2:3][!#1:4]	-59.9989	1.39247	-	-	-	-	G
C66796769      none	B	[aH1:1][c:2]([aH1])!@[SX2:3][!#1:4]	0.00235618	4.86305	-	-	-	-	G
C66796769      none	B	[aH1:1][c:2]([aH0])!@[SX2:3][*R:4]	-60.0034	0.765306	-	-	-	-	O
C66796769      none	B	[O-:1][N+:2](=O)!@[c:3]([cH0])[cH,nX2H0:4]	90.2698	0.274725	-	-	-	-	O
C52305444      none	B	[n,o,s:1][c:2]!@[CX4H2:3][CX4:4]	-150.003	0.747943	-	-	-	-	O
C52305444      none	B	[cH1:1][a:2]([cH1])!@[a:3]([sX2,o,nX2H0,nX3H1:4])([cH0])	-29.4956	4.65593	-	-	-	-	G
C54963325      none	B	[cH0:1][c:2]!@[CX4H1:3][CX4:4]	-179.951	0.512475	-	-	-	-	G
C54963325      none	B	[nH0r6:1][cr6:2]([nH0r6])!@[cr6:3]([cH1r6])[cH1r6:4]	-59.9986	0.28169	-	-	-	-	R
C12602616      none	B	[O:1]=[C:2]!@[NX3H0:3]([a:4])[A]	0.0197881	15.7822	-	-	-	-	G
C12602616      none	B	[O:1][CX4:2]!@[CX3:3]=[O:4]	0.00258773	13.789	-	-	-	-	G
C12602616      none	B	[$(C=O):1][O:2]!@[CH2:3]~[C:4]	-60.0005	0.0287274	-	-	-	-	R
C12602616      none	B	[O:1]=[C:2]!@[O:3]~[C:4]	-29.9989	0.0890388	-	-	-	-	R
C12602616      none	B	[c:1][CX4H2:2]!@[CX3:3]=[O:4]	-120	0.712251	-	-	-	-	O
C12602616      none	B	[a:1][c:2]!@[CX4H2:3][CX3:4]	90.3168	7.83807	-	-	-	-	G
C16159611      none	B	[cH1:1][c:2]([cH1])!@[O:3][c:4]	0.00853873	4.04784	-	-	-	-	G
C16159611      none	B	[aH0:1][c:2]!@[OX2:3][!#1:4]	-60.0084	0.930578	-	-	-	-	O
C54788454      none	B	[cH1:1][c:2]([cH1])!@[NX3:3][CX4:4]	0.00653056	14.0646	-	-	-	-	G
C54788454      none	B	[!#1:1][CX4H2:2]!@[NX3H1:3][!#1:4]	179.994	11.3535	-	-	-	-	G
C54788454      none	B	[a:1][c:2]!@[CX4H2:3][!#1:4]	-179.675	2.35335	-	-	-	-	O
C67120329      none	B	[aH0:1][c:2]([aH0])!@[SX2:3][!#1:4]	119.999	1.75348	-	-	-	-	G
C67120329      none	B	[aH0:1][c:2]([aH0])!@[SX2:3][!#1:4]	29.9909	0.412584	-	-	-	-	O
C67120329      none	B	[*:1]~[CX4:2]!@[n:3]~[*:4]	-158.628	2.9294	-	-	-	-	G
C59392104      none	B	[a:1][a:2]!@[NX3:3][!#1:4]	0.00130821	10.9271	-	-	-	-	G
C59392104      none	B	[cH1:1][c:2]([cH1])!@[NX3:3][a:4]	120.278	2.92279	-	-	-	-	G
C59392104      none	B	[cH1:1][c:2]([cH1])!@[O:3][C:4]	-29.9981	0.195465	-	-	-	-	O
C59392104      none	B	[C:1][CX4H2:2]!@[OX2:3][c:4]	119.994	0.336913	-	-	-	-	R
C59392104      none	B	[OX2:1][CX4:2]!@[CX4:3][OX2:4]	57.9123	14.3222	-	-	-	-	G
C51331072      none	B	[aH0:1][c:2]([aH0])!@[SX2:3][!#1:4]	-60.0001	1.39247	-	-	-	-	G
C51331072      none	B	[aH0:1][c:2]([aH0])!@[SX2:3][!#1:4]	180	14.0278	-	-	-	-	G
C62138092      none	B	[cH0:1][c:2]!@[CX4H1:3][CX4:4]	60.0136	1.73972	-	-	-	-	G
C62138092      none	B	[!#1:1][CX4:2]!@[CX4:3][!#1:4]	179.995	22.1548	-	-	-	-	G
C62138092      none	B	[cH0:1][c:2]!@[CX4H2:3][CX4:4]	90.271	18.5823	-	-	-	-	G
C49389798      none	B	[cH0:1][c:2]([cH1])!@[O:3][C:4]	179.999	48.7454	-	-	-	-	G
C49389798      none	B	[aH1:1][c:2]([aH0])!@[SX2:3][*R:4]	-59.6958	0.765306	-	-	-	-	R
C49389798      none	B	[aH0:1][c:2]([aH0])!@[SX2:3][!#1:4]	179.999	14.0278	-	-	-	-	G
C49468764      none	B	[c:1][c:2]!@[c:3][s,o,nX3H1:4]	-29.7326	2.72579	-	-	-	-	G
C41872884      none	B	[aH1:1][c:2]([aH0])!@[SX2:3][*R:4]	59.9965	1.02041	-	-	-	-	O
C41872884      none	B	[aH0:1][c:2]([aH0])!@[SX2:3][!#1:4]	90.0011	3.2491	-	-	-	-	G
C41872884      none	B	[a:1][c:2]!@[CX4H1:3][H:4]	0.0026923	6.54616	-	-	-	-	G
C08883348      none	B	[!#1:1][CH2:2]!@[n:3][cH0:4]	90.3231	14.7896	-	-	-	-	G
C08883348      none	B	[a:1][c:2]!@[CX4H1:3][H:4]	55.6694	1.05062	-	-	-	-	G
C08883348      none	B	[aH0:1][c:2]([aH0])!@[SX2:3][!#1:4]	-150	0.43837	-	-	-	-	O
C08883348      none	B	[!#1:1][CX4:2]!@[SX2:3][!#1:4]	149.998	1.40678	-	-	-	-	G
C08883348      none	B	[!#1:1][CX4H2:2]!@[CX3:3]=[O:4]	-0.000996775	19.1789	-	-	-	-	G
C08883348      none	B	[cH1:1][c:2]([cH1])!@[CX3:3]=[O:4]	-29.7276	3.22841	-	-	-	-	G
C44494480      none	B	[a:1][c:2]!@[CX4H1:3][N,O:4]	179.997	1.64318	-	-	-	-	G
C44494480      none	B	[!#1:1][CX4H1:2]!@[NX3:3][!#1:4]	-89.9965	3.22537	-	-	-	-	G
C44494480      none	B	[cH0:1][c:2]([cH,nX2H0])!@[NX3H1:3][CX4:4]	179.998	49.7854	-	-	-	-	G
C26118982      none	B	[!#1:1][CX4H2:2]!@[CX4H2:3][!#1:4]	-59.9978	3.77933	-	-	-	-	G
C26118982      none	B	[n,o,s:1][c:2]!@[CX4H2:3][CX4:4]	135.316	0.52356	-	-	-	-	O
C26118982      none	B	[a:1][c:2]!@[CX4H2:3][a:4]	135.004	1.80451	-	-	-	-	O
C26118982      none	B	[!#1:1][CH2:2]!@[n:3][cH0:4]	-179.693	0.148746	-	-	-	-	R
C26118982      none	B	[a:1][ar5:2]!@[ar5:3][a:4]	0.316429	21.2405	-	-	-	-	G
C36866938      none	B	[aH0:1][c:2]([aH0])!@[SX2:3][!#1:4]	-90.0035	3.32646	-	-	-	-	G
C36866938      none	B	[!#1:1][CX4:2]!@[SX2:3][!#1:4]	-159.996	3.18377	-	-	-	-	G
C36866938      none	B	[a:1][c:2]!@[CX4H2:3][!#1:4]	-89.7207	7.30446	-	-	-	-	G
C03574756      none	B	[!#1:1][CX4H0:2]!@[OX2:3][!#1:4]	60.0006	19.4328	-	-	-	-	G
C03574756      none	B	[O:1]=[C:2]!@[O:3]~[CH0:4]	0.000284396	56.519	-	-	-	-	G
C03574756      none	B	[O:1]=[CX3:2]!@[NX3H1:3][!#1:4]	0.00484473	63.7893	-	-	-	-	G
C03574756      none	B	[*:1]~[NX3:2]!@[NX2:3]~[*:4]	180	29.4914	-	-	-	-	G
C03574756      none	B	[cH1:1][c:2]([cH0])!@[CX3x0:3]=[NX2:4]	120.261	0.0708968	-	-	-	-	G
C00987241      none	B	[CX3:1]=[CX3:2]!@[CH2:3][!#1:4]	-0.000206222	6.32025	-	-	-	-	G
C00987241      none	B	[!#1:1][CH2:2]!@[n:3][cH0:4]	-89.735	15.4696	-	-	-	-	G
C00987241      none	B	[aH0:1][c:2]([aH0])!@[SX2:3][!#1:4]	119.998	1.75348	-	-	-	-	G
C44809369      none	B	[!#1:1][CX4H2:2]!@[CX4H2:3][!#1:4]	-60.0087	3.77933	-	-	-	-	G
C44809369      none	B	[!#1:1][CX4:2]!@[CX4:3][!#1:4]	-59.9974	12.2558	-	-	-	-	G
C44809369      none	B	[C:1][CX4:2]!@[CX3:3]=[O:4]	-60.001	2.40592	-	-	-	-	G
C44809369      none	B	[O:1]=[CX3:2]!@[NX3H1:3][!#1:4]	0.00039447	63.7893	-	-	-	-	G
C44809369      none	B	[$(C=O):1][NX3H1:2]!@[c:3](s)[n:4]	179.997	66.092	-	-	-	-	G
C63063185      none	B	[cH1:1][c:2]([cH0])!@[O:3][c:4]	-89.6881	3.22581	-	-	-	-	G
C63063185      none	B	[aH0:1][c:2]!@[OX2:3][!#1:4]	44.9971	0.151725	-	-	-	-	R
C67651305      none	B	[aH0:1][c:2]([aH0])!@[SX2:3][!#1:4]	-0.00122975	13.1253	-	-	-	-	G
C67651305      none	B	[a:1][c:2]!@[CX4H2:3][!#1:4]	134.998	1.8443	-	-	-	-	O
C67651305      none	B	[!#1:1][CX4:2]!@[SX2:3][!#1:4]	-160.001	3.18377	-	-	-	-	G
C67651305      none	B	[aH1:1][c:2]([aH0])!@[SX2:3][!#1:4]	29.9945	1.8677	-	-	-	-	O
C52835711      none	B	[cH1:1][c:2]([cH1])!@[NX3:3][a:4]	-150.006	4.2357	-	-	-	-	G
C52835711      none	B	[a:1][a:2]!@[NX3:3][!#1:4]	120.273	1.62057	-	-	-	-	O
C59518968      none	B	[*:1]~[cX3:2]!@[NX2:3]~[*:4]	-60.0033	1.53044	-	-	-	-	O
C59518968      none	B	[*:1]~[CX3:2]!@[cX3:3]~[*:4]	-149.689	2.34159	-	-	-	-	O
C43665395      none	B	[a:1][c:2]!@[CX4H2:3][a:4]	89.9957	4.86842	-	-	-	-	G
C43665395      none	B	[!#1:1][CH2:2]!@[n:3][cH0:4]	-134.691	0.892478	-	-	-	-	R
C36949633      none	B	[!#1:1][CH2:2]!@[n:3][cH0:4]	44.976	0.0212495	-	-	-	-	R
C36949633      none	B	[!#1:1][CX4H2:2]!@[CX4H2:3][!#1:4]	180	58.554	-	-	-	-	G
C36949633      none	B	[!#1:1][CX4H2:2]!@[CX4H2:3][!#1:4]	-60.0088	3.77933	-	-	-	-	G
C36949633      none	B	[!#1:1][CX4H2:2]!@[CX4H2:3][!#1:4]	-59.9915	3.77933	-	-	-	-	G
C20305730      none	B	[cH1:1][c:2]([cH0])!@[NX3:3][a:4]	-59.998	2.74657	-	-	-	-	O
C20305730      none	B	[a:1][a:2]!@[NX3:3][!#1:4]	-149.735	1.91104	-	-	-	-	O
C00542907      none	B	[a:1][a:2]!@[NX3:3][!#1:4]	-19.9982	2.52019	-	-	-	-	G
C00542907      none	B	[!#1:1][CX4H2:2]!@[NX3H1:3][!#1:4]	150.003	1.87295	-	-	-	-	O
C00542907      none	B	[a:1][c:2]!@[CX4H2:3][!#1:4]	-179.688	2.35335	-	-	-	-	O
C65341382      none	B	[c:1][c:2]!@[c:3][s,o,nX3H1:4]	-29.9956	2.72579	-	-	-	-	G
C65341382      none	B	[s:1][c:2]([aX2,cH1])!@[CX3:3]=[O:4]	0.307308	46.5608	-	-	-	-	G
C00026947      none	B	[cH1:1][c:2]([cH1])!@[c:3]([cH1:4])[cH1]	150.274	8.0493	-	-	-	-	G
C00026947      none	B	[cH0:1][c:2]([cH1])!@[c:3]([cH1:4])[cH1]	-89.7133	0.636414	-	-	-	-	R
C44494745      none	B	[!#1:1][CH2:2]!@[n:3][a:4]	-89.6808	13.2844	-	-	-	-	G
C44494745      none	B	[a:1][c:2]!@[CX4H1:3][N,O:4]	119.997	3.12238	-	-	-	-	G
C44494745      none	B	[!#1:1][CX4H1:2]!@[NX3:3][!#1:4]	150.003	2.7681	-	-	-	-	G
C44494745      none	B	[cH0:1][c:2]([cH,nX2H0])!@[NX3H1:3][CX4:4]	-120.001	0	-	-	-	-	R
C19804496      none	B	[cH1:1][c:2]([cH0])!@[NX3:3][a:4]	-59.998	2.74657	-	-	-	-	O
C19804496      none	B	[a:1][a:2]!@[NX3:3][!#1:4]	-179.723	11.4213	-	-	-	-	G
C63146649      none	B	[a:1][a:2]!@[NX3:3][!#1:4]	-160	2.54422	-	-	-	-	G
C63146649      none	B	[!#1:1][CX4H2:2]!@[NX3H1:3][!#1:4]	149.995	1.87295	-	-	-	-	O
C63146649      none	B	[a:1][c:2]!@[CX4H2:3][!#1:4]	-179.725	2.35335	-	-	-	-	O
C34978434      none	B	[aH1:1][c:2]([aH0])!@[SX2:3][!#1:4]	60.2893	1.24514	-	-	-	-	O
C34978434      none	B	[!#1:1][CX4:2]!@[SX2:3][!#1:4]	180	11.1654	-	-	-	-	G
C34978434      none	B	[a:1][c:2]!@[CX4H2:3][!#1:4]	90.3156	7.24386	-	-	-	-	G
CHEMBL161907      none	B	[cH1:1][c:2]([cH1])!@[O:3][C:4]	-29.999	0.195465	-	-	-	-	O
CHEMBL161907      none	B	[C:1][CX4H2:2]!@[OX2:3][c:4]	-150.006	1.28448	-	-	-	-	O
CHEMBL161907      none	B	[!#1:1][CX4H2:2]!@[CX4H2:3][!#1:4]	180	58.554	-	-	-	-	G
CHEMBL161907      none	B	[!#1:1][CX4H2:2]!@[CX4H2:3][!#1:4]	180	58.554	-	-	-	-	G
C04264647      none	B	[c:1][c:2]!@[c:3][s,o,nX3H1:4]	-0.0103129	17.837	-	-	-	-	G
C04264647      none	B	[$(C=O):1][NX3H1:2]!@[c:3](o)[n:4]	179.997	38.4615	-	-	-	-	G
C04264647      none	B	[O:1]=[CX3:2]!@[NX3H1:3][!#1:4]	0.0046549	63.7893	-	-	-	-	G
C04264647      none	B	[s:1][c:2]!@[C:3]([NH1])=[O:4]	180	7.69231	-	-	-	-	R
C08114158      none	B	[!#1:1][CX4:2]!@[SX2:3][!#1:4]	179.996	11.1654	-	-	-	-	G
C08114158      none	B	[aH0:1][c:2]([aH0])!@[SX2:3][!#1:4]	-60.0005	1.39247	-	-	-	-	G
C08114158      none	B	[$(C=O):1][NX3H1:2]!@[c:3](s)[n:4]	179.999	66.092	-	-	-	-	G
C08114158      none	B	[O:1]=[CX3:2]!@[NX3H1:3][!#1:4]	-0.0034939	63.7893	-	-	-	-	G
C08114158      none	B	[C:1][CX4:2]!@[CX3:3]=[O:4]	0.575222	5.61823	-	-	-	-	G
C41057732      none	B	[c:1][c:2]!@[c:3][s,o,nX3H1:4]	0.304927	17.837	-	-	-	-	G
C41057732      none	B	[a:1][c:2]!@[CX4H1:3][H:4]	124.327	1.00725	-	-	-	-	G
C59640062      none	B	[cH0:1][c:2]([cH,nX2H0])!@[NX3H1:3][CX4:4]	179.999	49.7854	-	-	-	-	G
C59640062      none	B	[a:1][a:2]!@[NX3:3][!#1:4]	-0.00366392	10.9271	-	-	-	-	G
C59640062      none	B	[*:1]~[NX3:2]!@[NX2:3]~[*:4]	149.999	0.447375	-	-	-	-	O
C59640062      none	B	[cH1:1][c:2]([cH1])!@[CX3:3]=[NX2:4]	150.269	2.10453	-	-	-	-	G
C59640062      none	B	[cH0:1][c:2]([cH,nX2H0])!@[NX3H0:3][CX4:4]	-90.0261	1.8357	-	-	-	-	O
C20472018      none	B	[$([c]([NH1,NH2])):1][c:2]!@[CX3:3]([!O])=[O:4]	120.27	0	-	-	-	-	R
C20472018      none	B	[O:1]=[CX3:2]!@[NX3H1:3][!#1:4]	0.00841954	63.7893	-	-	-	-	G
C20472018      none	B	[$(C=O):1][NX3H1:2]!@[c:3]([cH0]F)[cH:4]	30.2578	10.5263	-	-	-	-	O
C52813952      none	B	[aH0:1][c:2]!@[OX2:3][!#1:4]	-45.0002	0.225901	-	-	-	-	R
C52813952      none	B	[cH1:1][c:2]([cH1])!@[O:3][c:4]	-134.722	1.88592	-	-	-	-	G
C22161151      none	B	[cH1:1][c:2]([cH1])!@[NX3:3][a:4]	29.99	4.26696	-	-	-	-	G
C22161151      none	B	[a:1][a:2]!@[NX3:3][!#1:4]	90.3125	1.62893	-	-	-	-	O
C22161151      none	B	[O-:1][N+:2](=O)!@[c:3][a:4]	180	18.7168	-	-	-	-	G
C35343658      none	B	[a:1][c:2]!@[NX3H1:3][$([CX4r]([C;r])([C;r])):4]	30.0009	0.852273	-	-	-	-	G
C35343658      none	B	[!#1:1][CX4H1:2]!@[NX3:3][!#1:4]	116.316	4.42569	-	-	-	-	O
C37778324      none	B	[c:1][c:2]!@[c:3][s,o,nX3H1:4]	0.00394853	17.837	-	-	-	-	G
C37778324      none	B	[a:1][c:2]!@[NX3H1:3][$([CX4r]([C;r])([C;r])):4]	180	15.9091	-	-	-	-	G
C37778324      none	B	[!#1:1][CX4H1:2]!@[NX3:3][!#1:4]	-79.9235	4.33043	-	-	-	-	G
C46484836      none	B	[a:1][c:2]!@[CX4H1:3][N,O:4]	-59.991	3.48172	-	-	-	-	G
C46484836      none	B	[!#1:1][CX4H1:2]!@[NX3:3][!#1:4]	-120	4.10724	-	-	-	-	O
C46484836      none	B	[a:1][a:2]!@[NX3:3][!#1:4]	-119.997	1.58818	-	-	-	-	O
C37562395      none	B	[cH0:1][c:2]([cH,nX2H0])!@[NX3H1:3][CX4:4]	180	49.7854	-	-	-	-	G
C37562395      none	B	[!#1:1][CX4H2:2]!@[NX3H1:3][!#1:4]	180	11.3535	-	-	-	-	G
C37562395      none	B	[a:1][c:2]!@[CX4H2:3][!#1:4]	135.287	1.69481	-	-	-	-	O
C37562395      none	B	[O-:1][N+:2](=O)!@[c:3][a:4]	-0.00162903	18.5814	-	-	-	-	G
C37104170      none	B	[cH1:1][a:2]([cH1])!@[a:3]([cH1])[cH1:4]	149.996	8.14187	-	-	-	-	G
C37104170      none	B	[a:1][c:2]!@[NX3H1:3][$([CX4r]([C;r])([C;r])):4]	-0.00238823	14.4886	-	-	-	-	G
C37104170      none	B	[!#1:1][CX4H1:2]!@[NX3:3][!#1:4]	159.084	3.23353	-	-	-	-	G
C37135706      none	B	[O:1]=[CX3:2]([$([NX3H1]C)])!@[NX3H1:3][!#1:4]	0.0146274	41.1343	-	-	-	-	G
C37135706      none	B	[O:1]=[CX3:2]([$([NX3H1]C)])!@[NX3H1:3][!#1:4]	-0.0134345	41.1343	-	-	-	-	G
C37135706      none	B	[$(C=O):1][NX3H1:2]!@[c:3]([cH1])[cH1:4]	30.0029	5.05437	-	-	-	-	G
C37135706      none	B	[a:1][c:2]!@[NX3H1:3][$([CX4r]([C;r])([C;r])):4]	-29.9943	1.42045	-	-	-	-	G
C37135706      none	B	[!#1:1][CX4H1:2]!@[NX3:3][!#1:4]	-58.6862	6.546	-	-	-	-	G
C61277826      none	B	[cH1:1][c:2]([cH0])!@[O:3][c:4]	-89.9787	3.22581	-	-	-	-	G
C61277826      none	B	[aH0:1][c:2]!@[OX2:3][!#1:4]	-134.726	0.724906	-	-	-	-	R
C55031431      none	B	[cH1:1][c:2]([cH1])!@[CX3:3]=[O:4]	-59.7366	0.295938	-	-	-	-	R
C55031431      none	B	[cH1,nX2H0:1][c:2]([cH1,nX2H0])!@[NX3r:3][*:4]	-29.7262	1.80261	-	-	-	-	O
C55031431      none	B	[!#1:1][CX4H2:2]!@[NX3;"N_lp":3][!#1:4]	160.002	5.85388	-	-	-	-	G
C55031431      none	B	[a:1][c:2]!@[CX4H2:3][!#1:4]	-89.6839	7.30446	-	-	-	-	G
C62726168      none	B	[O-:1][N+:2](=O)!@[c:3]([cH0])[cH,nX2H0:4]	90.013	0.274725	-	-	-	-	O
C62726168      none	B	[cH0:1][c:2]!@[CX4H2:3][CX4:4]	-90.0007	18.481	-	-	-	-	G
C62726168      none	B	[!#1:1][CX4H2:2]!@[CX4H2:3][!#1:4]	180	58.554	-	-	-	-	G
C62726168      none	B	[!#1:1][CX4H2:2]!@[NX3H1:3][!#1:4]	-149.999	1.95018	-	-	-	-	O
C62726168      none	B	[cH1:1][c:2]([cH1])!@[NX3:3][CX4:4]	-19.7317	3.00858	-	-	-	-	G
C42074900      none	B	[!#1:1][CX4H1:2]!@[NX3:3][!#1:4]	-119.997	4.10724	-	-	-	-	O
C42074900      none	B	[cH1:1][c:2]([cH1])!@[NX3:3][CX4:4]	59.9922	1.23291	-	-	-	-	O
C20092987      none	B	[cH1:1][c:2]([cH1])!@[NX3:3][CX4:4]	19.9988	2.88127	-	-	-	-	G
C20092987      none	B	[!#1:1][CX4H2:2]!@[NX3H1:3][!#1:4]	-119.997	2.14327	-	-	-	-	O
C20092987      none	B	[!#1:1][CX4:2]!@[CX4:3][!#1:4]	179.175	22.1548	-	-	-	-	G
C36903602      none	B	[a:1][c:2]!@[CX4H1:3][H:4]	-90.0014	0.504612	-	-	-	-	O
C36903602      none	B	[c:1][c:2]!@[c:3][s,o,nX3H1:4]	-29.4146	2.72579	-	-	-	-	G
C35737635      none	B	[cH1:1][c:2]([cH1])!@[NX3:3][CX4:4]	179.989	14.7347	-	-	-	-	G
C35737635      none	B	[!#1:1][CX4H2:2]!@[NX3H1:3][!#1:4]	120.004	2.00811	-	-	-	-	O
C35737635      none	B	[cH0:1][c:2]!@[CX4H2:3][N,O,S:4]	0.272329	0.102775	-	-	-	-	R
C30548555      none	B	[O:1]=[CX3:2]!@[NX3H0:3][!#1:4]	30.0075	0.680979	-	-	-	-	O
C30548555      none	B	[!#1:1][CX4H2:2]!@[CX3:3]=[O:4]	89.9894	1.06654	-	-	-	-	G
C30548555      none	B	[!#1:1][CX4:2]!@[SX2:3][!#1:4]	-90.0024	3.00607	-	-	-	-	G
C30548555      none	B	[aH0:1][c:2]([aH0])!@[SX2:3][!#1:4]	30.0005	0.412584	-	-	-	-	O
C47243521      none	B	[$(C=O):1][NX3H1:2]!@[c:3](s)[n:4]	180	66.092	-	-	-	-	G
C47243521      none	B	[O:1]=[CX3:2]!@[NX3H1:3][!#1:4]	0.00874647	63.7893	-	-	-	-	G
C47243521      none	B	[O:1]=[CX3:2]!@[CX4H1r3:3][H:4]	149.994	5.16667	-	-	-	-	G
C47243521      none	B	[!#1:1][CX4H1:2]!@[NX3:3][!#1:4]	-89.9859	3.22537	-	-	-	-	G
C50471351      none	B	[aH0:1][c:2]!@[OX2:3][!#1:4]	-0.00101057	2.68047	-	-	-	-	G
C50471351      none	B	[cH1:1][c:2]([cH1])!@[O:3][c:4]	-44.7177	2.5759	-	-	-	-	G
C37688425      none	B	[!#1:1][CX4:2]!@[CX4:3][!#1:4]	179.999	22.1548	-	-	-	-	G
C37688425      none	B	[OX2:1][CX4:2]!@[CX4:3][N:4]	59.9975	15.2809	-	-	-	-	G
C37688425      none	B	[!#1:1][CX4H2:2]!@[NX3H1:3][!#1:4]	150	1.87295	-	-	-	-	O
C37688425      none	B	[cH1:1][c:2]([cH1])!@[NX3:3][CX4:4]	-159.722	2.66685	-	-	-	-	O
C37688425      none	B	[aH1:1][c:2]([aH1])!@[SX2:3][!#1:4]	0.00331195	4.86305	-	-	-	-	G
C36953955      none	B	[cH0:1][c:2]!@[CX4H2:3][N,O,S:4]	-45.0013	1.84995	-	-	-	-	G
C36953955      none	B	[!#1:1][CX4H2:2]!@[NX3H1:3][!#1:4]	150.002	1.87295	-	-	-	-	O
C36953955      none	B	[cH0:1][c:2]([cH,nX2H0])!@[NX3H1:3][CX4:4]	-160	4.72103	-	-	-	-	O
C62352660      none	B	[cH0:1][c:2]!@[CX4H2:3][a:4]	104.997	6.33914	-	-	-	-	G
C62352660      none	B	[a:1][c:2]!@[CX4H2:3][a:4]	-44.7007	1.48496	-	-	-	-	O
C40265597      none	B	[n,o,s:1][c:2]!@[CX4H2:3][CX4:4]	45.0008	2.99177	-	-	-	-	O
C40265597      none	B	[a:1][c:2]!@[CX4H1:3][a:4]	-29.9979	2.35804	-	-	-	-	G
C40265597      none	B	[cH0:1][c:2]!@[CX4H1:3][a:4]	179.994	0.951022	-	-	-	-	G
C59378671      none	B	[O-:1][N+:2](=O)!@[c:3]([cH0])[cH,nX2H0:4]	0.0201334	12.6374	-	-	-	-	G
C59378671      none	B	[cH0:1][c:2]([cH1])!@[CX3:3]=[O:4]	119.998	1.2287	-	-	-	-	O
C36982604      none	B	[cH0:1][c:2]([cH1])!@[O:3][C:4]	179.999	48.7454	-	-	-	-	G
C36982604      none	B	[cH0:1][c:2]!@[CX4H2:3][N,O,S:4]	135	0.650908	-	-	-	-	G
C36982604      none	B	[!#1:1][CX4H2:2]!@[NX3H1:3][!#1:4]	179.999	11.3535	-	-	-	-	G
C36982604      none	B	[cH0:1][c:2]([cH,nX2H0])!@[NX3H1:3][CX4:4]	180	49.7854	-	-	-	-	G
C32102148      none	B	[!#1:1][CH2:2]!@[n:3][cH0:4]	-179.686	0.148746	-	-	-	-	R
C32102148      none	B	[c:1][c:2]!@[c:3][s,o,nX3H1:4]	149.997	2.6253	-	-	-	-	G
C32102148      none	B	[a:1][c:2]!@[CX4H1:3][H:4]	124.324	1.00725	-	-	-	-	G
C00117598      none	B	[aH0:1][c:2]([aH0])!@[SX2:3][!#1:4]	119.997	1.75348	-	-	-	-	G
C00117598      none	B	[!#1:1][CX4:2]!@[SX2:3][!#1:4]	-160.001	3.18377	-	-	-	-	G
C00117598      none	B	[a:1][c:2]!@[CX4H2:3][!#1:4]	-179.673	2.35335	-	-	-	-	O
C62829749      none	B	[a:1][c:2]!@[C:3](=[N:4])	180	20.2265	-	-	-	-	G
C62829749      none	B	[a:1][c:2]!@[CX4H2:3][!#1:4]	-45.0156	1.96752	-	-	-	-	O
C62829749      none	B	[!#1:1][CX4:2]!@[SX2:3][!#1:4]	-159.997	3.18377	-	-	-	-	G
C62829749      none	B	[!#1:1][CX4:2]!@[SX2:3][!#1:4]	-68.1613	8.91456	-	-	-	-	G
C14421451      none	B	[$(C=O):1][O:2]!@[CH1:3][H:4]	29.9967	10.7465	-	-	-	-	G
C14421451      none	B	[O:1]=[C:2]!@[O:3]~[C:4]	29.9926	0.0796663	-	-	-	-	R
C14421451      none	B	[cH1:1][c:2]([cH1])!@[CX3:3]=[O:4]	0.280951	14.2319	-	-	-	-	G
C14421451      none	B	[$(C=O):1][NX3H1:2]!@[c:3]([cH1])[cH1:4]	149.978	5.05437	-	-	-	-	G
C14421451      none	B	[O:1]=[CX3:2]!@[NX3H1:3][!#1:4]	0.00302442	63.7893	-	-	-	-	G
C14421451      none	B	[C:1][CX4:2]!@[CX3:3]=[O:4]	-90.4198	3.45082	-	-	-	-	G
C04999758      none	B	[c:1][c:2]!@[c:3][s,o,nX3H1:4]	0.00655979	17.837	-	-	-	-	G
C04999758      none	B	[a:1][c:2]!@[CX4H2:3][!#1:4]	135.003	1.69481	-	-	-	-	O
C04999758      none	B	[*:1]~[CX4:2]!@[NX4:3]~[*:4]	60.0048	15.3058	-	-	-	-	G
C04999758      none	B	[*:1]~[CX4:2]!@[NX4:3]~[*:4]	180	15.0612	-	-	-	-	G
C04999758      none	B	[OX2:1][CX4:2]!@[CX4:3][N:4]	-80.0022	3.59551	-	-	-	-	G
C42822388      none	B	[aH1:1][c:2]([aH1])!@[SX4:3][!#1:4]	90.0024	12.916	-	-	-	-	G
C42822388      none	B	[cH1:1][c:2]([cH1])!@[NX3:3][CX4:4]	-160.002	2.66685	-	-	-	-	G
C42822388      none	B	[!#1:1][CX4H2:2]!@[NX3H1:3][!#1:4]	149.999	1.87295	-	-	-	-	O
C42822388      none	B	[OX2:1][CX4:2]!@[CX4:3][N:4]	59.9876	15.2809	-	-	-	-	G
C39778805      none	B	[CX3R:1]=[CX3R:2]!@[CX3:3]=[CX3:4]	180	28.0415	-	-	-	-	G
C39778805      none	B	[a:1][a:2]!@[CX3:3]=[CX3H1:4]	-29.6841	2.14556	-	-	-	-	G
C39778805      none	B	[aH0:1][c:2]([aH0])!@[SX2:3][!#1:4]	-89.9991	3.32646	-	-	-	-	G
C39778805      none	B	[!#1:1][CX4:2]!@[SX2:3][!#1:4]	40.7379	0.636754	-	-	-	-	O
C48334656      none	B	[a:1][c:2]!@[CX4H2:3][!#1:4]	179.999	2.35335	-	-	-	-	O
C48334656      none	B	[!#1:1][CX4H2:2]!@[NX3H1;"N_lp":3][!#1:4]	180	17.6883	-	-	-	-	G
C48334656      none	B	[CX4:1][CX4H2:2]!@[NX3;"N_lp":3][CX4:4]	-80.0003	8.1206	-	-	-	-	G
C48334656      none	B	[OX2:1][CX4:2]!@[CX4:3][N:4]	59.9995	15.2809	-	-	-	-	G
C48334656      none	B	[a:1][c:2]!@[CX4H1:3][N,O:4]	180	1.64318	-	-	-	-	G
C66301388      none	B	[cH0:1][c:2]!@[CX4H2:3][N,O,S:4]	-90.0022	7.87941	-	-	-	-	G
C66301388      none	B	[!#1:1][CX4:2]!@[SX3:3][!#1:4]	163.101	2.24239	-	-	-	-	G
C66301388      none	B	[!#1:1][CX4:2]!@[SX3:3][!#1:4]	-80.0021	2.02883	-	-	-	-	G
C66301388      none	B	[a:1][c:2]!@[CX4H2:3][!#1:4]	-179.693	2.35335	-	-	-	-	O
C66301388      none	B	[a,!nX2H0:1][a:2]([!nX2H0])!@[a:3]([nX2H0])[nX2H0:4]	90.286	0	-	-	-	-	R
C19432029      none	B	[a:1][a:2]!@[NX3:3][!#1:4]	-149.998	1.91104	-	-	-	-	O
C19432029      none	B	[cH1:1][c:2]([cH0])!@[NX3:3][a:4]	120.274	3.87016	-	-	-	-	G
C39959697      none	B	[cH0:1][c:2]([cH,nX2H0])!@[NX3H1:3][CX4:4]	-149.999	1.00143	-	-	-	-	O
C39959697      none	B	[!#1:1][CX4H1:2]!@[NX3:3][!#1:4]	165.236	3.2172	-	-	-	-	G
C63076526      none	B	[nH0r6:1][cr6:2]([nH0r6])!@[cr6:3]([cH1r6])[nH0r6:4]	120.249	0	-	-	-	-	R
C37187208      none	B	[a:1][c:2]!@[CX4H1:3][N,O:4]	-89.9939	1.29082	-	-	-	-	G
C37187208      none	B	[!#1:1][CX4H1:2]!@[NX3:3][!#1:4]	-119.997	4.10724	-	-	-	-	O
C37187208      none	B	[cH1:1][c:2]([cH1])!@[NX3:3][CX4:4]	-60.001	1.1056	-	-	-	-	O
C35057325      none	B	[!#1:1][CX4:2]!@[CX4:3][!#1:4]	-57.6531	12.2558	-	-	-	-	G
C35057325      none	B	[*:1]~[cX3:2]!@[NX2:3]~[*:4]	-59.7229	1.53044	-	-	-	-	O
C45888617      none	B	[a:1][a:2]!@[NX3:3][!#1:4]	0.00285834	10.9271	-	-	-	-	G
C34652202      none	B	[a:1][a:2]!@[NX3:3][!#1:4]	160.002	2.58602	-	-	-	-	G
C34652202      none	B	[!#1:1][CX4H2:2]!@[NX3H1:3][!#1:4]	-120.002	2.14327	-	-	-	-	O
C20296633      none	B	[cH1:1][c:2]([cH0])!@[O:3][c:4]	-59.9664	3.44086	-	-	-	-	G
C20296633      none	B	[cH1:1][c:2]([cH1])!@[O:3][c:4]	-179.716	4.27783	-	-	-	-	G
C04290383      none	B	[!#1:1][CX4:2]!@[SX2:3][!#1:4]	-160	3.18377	-	-	-	-	G
C04290383      none	B	[!#1:1][CX4:2]!@[SX2:3][!#1:4]	-80.0012	6.01214	-	-	-	-	G
C04290383      none	B	[aH0:1][c:2]([aH0])!@[SX2:3][!#1:4]	90.0026	3.2491	-	-	-	-	G
C04290383      none	B	[aH0:1][c:2]([aH0])!@[SX2:3][!#1:4]	150.002	0.567303	-	-	-	-	O
C42143778      none	B	[aH0:1][c:2]([aH0])!@[SX2:3][!#1:4]	-60.0004	1.39247	-	-	-	-	G
C42143778      none	B	[aH1:1][c:2]([aH0])!@[SX2:3][*R:4]	0.00476566	13.5204	-	-	-	-	G
C61519387      none	B	[$(C=O):1][O:2]!@[CH2:3]~[C:4]	-89.9974	4.43359	-	-	-	-	G
C61519387      none	B	[O:1]=[C:2]!@[O:3]~[C:4]	0.00437887	74.4927	-	-	-	-	G
C61519387      none	B	[!#1:1][CX4H2:2]!@[CX3:3]=[O:4]	119.997	0.613497	-	-	-	-	G
C61519387      none	B	[!#1:1][CX4:2]!@[SX2:3][!#1:4]	-150.003	1.30312	-	-	-	-	G
C61519387      none	B	[aH0:1][c:2]([aH0])!@[SX2:3][!#1:4]	150	0.567303	-	-	-	-	O
CHEMBL222368      none	B	[cH1:1][c:2]([cH1])!@[CX4H2:3][CX4:4]	-149.978	0.411568	-	-	-	-	R
CHEMBL222368      none	B	[!#1:1][CX4H2:2]!@[CX4H2:3][!#1:4]	180	58.554	-	-	-	-	G
CHEMBL222368      none	B	[CX4:1][CX4H2:2]!@[NX3;"N_lp":3][CX4:4]	-79.9977	8.1206	-	-	-	-	G
CHEMBL222368      none	B	[!#1:1][CX4H2:2]!@[NX3H1;"N_lp":3][!#1:4]	160	4.64098	-	-	-	-	G
CHEMBL222368      none	B	[a:1][c:2]!@[CX4H2:3][!#1:4]	-134.685	2.0362	-	-	-	-	O
C03366880      none	B	[N:1][CX4:2]!@[CX3:3]=[O:4]	59.9964	0.592386	-	-	-	-	G
C03366880      none	B	[O:1]=[C:2]!@[O:3]~[C:4]	0.00233971	74.4927	-	-	-	-	G
C03366880      none	B	[$(C=O):1][O:2]!@[CH2:3]~[C:4]	90	4.53893	-	-	-	-	G
C03366880      none	B	[O:1][CX4:2]!@[CX3:3]=[O:4]	-0.00513042	13.789	-	-	-	-	G
C03366880      none	B	[cH1:1][c:2]([cH1])!@[CX3:3]=[O:4]	150.278	3.28558	-	-	-	-	G
C45365619      none	B	[a:1][c:2]!@[CX4H0:3][CX4:4]	-119.727	5.28723	-	-	-	-	G
C45365619      none	B	[aH1:1][c:2]([aH1])!@[SX2:3][!#1:4]	-90.0008	4.47177	-	-	-	-	G
C45365619      none	B	[!#1:1][CX4:2]!@[SX2:3][!#1:4]	149.995	1.40678	-	-	-	-	G
C45365619      none	B	[!#1:1][CX4:2]!@[CX4:3][!#1:4]	79.9909	1.75235	-	-	-	-	G
C06668355      none	B	[O:1]=[C:2]!@[NX3:3](C=O)[*:4]	179.995	10.1253	-	-	-	-	G
C06700459      none	B	[a:1][ar5:2]!@[ar5:3][a:4]	-59.6973	1.04962	-	-	-	-	G
C06700459      none	B	[aH0:1][c:2]([aH0])!@[SX2:3][!#1:4]	-120.005	1.95977	-	-	-	-	G
C06700459      none	B	[!#1:1][CX4:2]!@[SX2:3][!#1:4]	180	11.1654	-	-	-	-	G
C06700459      none	B	[!#1:1][CX4H2:2]!@[CX3:3]=[O:4]	-29.9952	3.82256	-	-	-	-	G
C06700459      none	B	[O:1]=[C:2]!@[O:3]~[C:4]	-0.00206128	74.4927	-	-	-	-	G
C03263113      none	B	[aH0:1][c:2]([aH0])!@[SX2:3][!#1:4]	-150.002	0.43837	-	-	-	-	O
C03263113      none	B	[!#1:1][CX4:2]!@[SX2:3][!#1:4]	-160.003	3.18377	-	-	-	-	G
C03263113      none	B	[a:1][c:2]!@[CX4H2:3][!#1:4]	90.3252	7.24386	-	-	-	-	G
C00401142      none	B	[a:1][c:2]!@[CX3:3]=[CX3H0:4]	120.001	3.34694	-	-	-	-	G
C00401142      none	B	[a:1][a:2]!@[CX3:3]=[CX3H1:4]	-29.7433	2.14556	-	-	-	-	G
C61122136      none	B	[cH1:1][c:2]([cH1])!@[NX3:3][a:4]	-89.997	0.687715	-	-	-	-	O
C61122136      none	B	[a:1][a:2]!@[NX3:3][!#1:4]	60.2775	1.72297	-	-	-	-	O
C48544192      none	B	[aH0:1][c:2]!@[OX2:3][!#1:4]	179.996	24.9334	-	-	-	-	G
C48544192      none	B	[cH1:1][c:2]([cH0])!@[O:3][c:4]	-59.7285	3.44086	-	-	-	-	G
C43569391      none	B	[cH1:1][c:2]([cH1])!@[O:3][c:4]	-45.0002	1.28795	-	-	-	-	G
C43569391      none	B	[aH0:1][c:2]!@[OX2:3][!#1:4]	0.00329799	2.68047	-	-	-	-	G
C58610102      none	B	[!#1:1][CX4:2]!@[CX4:3][!#1:4]	-160.006	1.85018	-	-	-	-	G
C58610102      none	B	[!#1:1][CX4H2:2]!@[NX3H1:3][!#1:4]	-120	2.14327	-	-	-	-	O
C58610102      none	B	[a:1][a:2]!@[NX3:3][!#1:4]	20.2661	2.54004	-	-	-	-	O
C63063252      none	B	[cH1:1][c:2]([cH0])!@[O:3][c:4]	60.2665	2.58065	-	-	-	-	G
C63063252      none	B	[aH0:1][c:2]!@[OX2:3][!#1:4]	150.004	0.492262	-	-	-	-	O
C53158845      none	B	[a:1][c:2]!@[CX4H2:3][!#1:4]	-45.0009	1.96752	-	-	-	-	O
C53158845      none	B	[!#1:1][CX4H2:2]!@[NX3H1:3][!#1:4]	180	11.3535	-	-	-	-	G
C53158845      none	B	[a:1][a:2]!@[NX3:3][!#1:4]	0.263802	10.9271	-	-	-	-	G
C48601459      none	B	[a:1][c:2]!@[CX4H0:3][CX4:4]	-119.686	5.28723	-	-	-	-	G
C48601459      none	B	[aH0:1][c:2]([aH0])!@[SX2:3][!#1:4]	-60.0016	1.39247	-	-	-	-	G
C48601459      none	B	[!#1:1][CX4:2]!@[SX2:3][!#1:4]	89.9989	2.8728	-	-	-	-	G
C48601459      none	B	[!#1:1][CX4H2:2]!@[CX3:3]=[O:4]	60.003	1.20812	-	-	-	-	G
C48601459      none	B	[a:1][a:2]!@[CX3:3]=[O:4]	59.9971	0.735836	-	-	-	-	O
C65355944      none	B	[!#1:1][CX4:2]!@[SX2:3][!#1:4]	179.98	11.1654	-	-	-	-	G
C65355944      none	B	[aH1:1][c:2]([aH1])!@[SX2:3][!#1:4]	-179.752	5.42202	-	-	-	-	G
C65355944      none	B	[c:1][c:2]!@[c:3][s,o,nX3H1:4]	0.0046051	17.837	-	-	-	-	G
C61094949      none	B	[a:1][a:2]!@[NX3:3][!#1:4]	-90.0024	1.65296	-	-	-	-	O
C61094949      none	B	[cH1:1][c:2]([cH0])!@[NX3:3][a:4]	-119.727	2.24719	-	-	-	-	G
C52755970      none	B	[aH1:1][c:2]([aH0])!@[SX2:3][!#1:4]	-120.001	0.466926	-	-	-	-	O
C52755970      none	B	[!#1:1][CX4:2]!@[SX2:3][!#1:4]	-159.996	3.18377	-	-	-	-	G
C52755970      none	B	[cH0:1][c:2]!@[CX4H2:3][N,O,S:4]	-90.0049	7.87941	-	-	-	-	G
C66462039      none	B	[$(C=O):1][NX3:2]!@[a:3][aH0:4]	-150.05	1.98526	-	-	-	-	O
C66462039      none	B	[O:1]=[CX3:2]!@[NX3H1:3][!#1:4]	0.00226878	63.7893	-	-	-	-	G
C66462039      none	B	[cH1:1][c:2]([cH1])!@[C:3]([NH1,NH2])=[O:4]	-90.0072	0	-	-	-	-	R
C19913632      none	B	[cH1:1][c:2]([cH1])!@[NX3:3][CX4:4]	19.9942	2.88127	-	-	-	-	G
C19913632      none	B	[!#1:1][CX4H2:2]!@[NX3H1:3][!#1:4]	-119.998	2.14327	-	-	-	-	O
C19913632      none	B	[!#1:1][CX4:2]!@[CX4:3][!#1:4]	62.9024	12.3771	-	-	-	-	G
C62709116      none	B	[O-:1][N+:2](=O)!@[c:3]([cH0])[cH,nX2H0:4]	89.981	0.274725	-	-	-	-	O
C62709116      none	B	[cH1:1][c:2]([cH0])!@[O:3][c:4]	-89.7446	3.22581	-	-	-	-	G
C62709116      none	B	[cH0:1][c:2]([cH0])!@[O:3][c:4]	60.0018	4.53172	-	-	-	-	G
C62709116      none	B	[cH1:1][c:2]([cH1])!@[CX3:3]=[O:4]	-0.00451557	14.2319	-	-	-	-	G
C49738796      none	B	[cH1,nX2H0:1][c:2]([cH1,nX2H0])!@[NX3r:3][*:4]	-29.7153	1.80261	-	-	-	-	O
C49738796      none	B	[O:1]=[CX3:2](a)!@[NX3H0:3][!#1:4]	-30.0055	1.17502	-	-	-	-	O
C49738796      none	B	[a:1][c:2]!@[C:3]([NH0])=[O:4]	120.273	4.19444	-	-	-	-	G
C24045326      none	B	[cH1:1][a:2]([cH1])!@[a:3]([sX2,o,nX2H0,nX3H1:4])([cH1])	-0.00514784	11.7616	-	-	-	-	G
C24045326      none	B	[a:1][c:2]!@[C:3]([NH0])=[O:4]	-59.9943	3.63889	-	-	-	-	G
C24045326      none	B	[O:1]=[C:2]!@[NX3H0:3]([a:4])[A]	-0.30729	15.7822	-	-	-	-	G
C38079164      none	B	[aH1:1][c:2]([aH1])!@[SX2:3][!#1:4]	60.0037	2.51537	-	-	-	-	G
C38079164      none	B	[!#1:1][CX4:2]!@[SX2:3][!#1:4]	179.997	11.1654	-	-	-	-	G
C38079164      none	B	[a:1][c:2]!@[CX4H2:3][!#1:4]	-89.723	7.30446	-	-	-	-	G
C40455937      none	B	[cH1:1][c:2]([cH1])!@[O:3][c:4]	44.9953	2.20791	-	-	-	-	G
C40455937      none	B	[aH0:1][c:2]!@[OX2:3][!#1:4]	-59.9993	0.930578	-	-	-	-	O
C37862466      none	B	[a:1][c:2]!@[CX4H2:3][!#1:4]	-0.00662936	2.24426	-	-	-	-	O
C37862466      none	B	[!#1:1][CX4H2:2]!@[NX3H1;"N_lp":3][!#1:4]	180	17.6883	-	-	-	-	G
C37862466      none	B	[CX4:1][CX4H2:2]!@[NX3;"N_lp":3][CX4:4]	-79.9996	8.1206	-	-	-	-	G
C37862466      none	B	[OX2:1][CX4:2]!@[CX4:3][N:4]	80.0015	3.55056	-	-	-	-	G
C37862466      none	B	[a:1][c:2]!@[CX4H1:3][N,O:4]	-179.984	1.64318	-	-	-	-	G
C08730563      none	B	[cH1:1][a:2]([cH1])!@[a:3]([sX2,o,nX2H0,nX3H1:4])	-179.695	10.6726	-	-	-	-	G
C08730563      none	B	[a:1][c:2]!@[CX4H2:3][!#1:4]	89.9995	7.24386	-	-	-	-	G
C52018085      none	B	[aH1:1][c:2]([aH0])!@[SX2:3][*R:4]	-29.9997	1.53061	-	-	-	-	O
C52018085      none	B	[aH0:1][c:2]([aH0])!@[SX2:3][!#1:4]	179.999	14.0278	-	-	-	-	G
C50742529      none	B	[!#1:1][CX4H2:2]!@[NX3H1:3][!#1:4]	-120.001	2.14327	-	-	-	-	O
C50742529      none	B	[cH0:1][c:2]([cH,nX2H0])!@[NX3H1:3][CX4:4]	160.267	3.7196	-	-	-	-	O
C50742529      none	B	[cH1:1][c:2]([cH1])!@[C:3]([NH1,NH2])=[O:4]	-152.974	8.78518	-	-	-	-	G
C50742529      none	B	[O:1]=[CX3:2]!@[NX3H1:3][!#1:4]	0.0111788	63.7893	-	-	-	-	G
C50742529      none	B	[$(C=O):1][NX3H1:2]!@[c:3]([cH0]F)[cH:4]	90.2716	0	-	-	-	-	R
C62792766      none	B	[*:1]~[CX4:2]!@[NX4:3]~[*:4]	60.0092	15.3058	-	-	-	-	G
C62792766      none	B	[*:1]~[CX4:2]!@[NX4:3]~[*:4]	180	15.0612	-	-	-	-	G
C62792766      none	B	[a:1][c:2]!@[CX4H2:3][!#1:4]	0.332116	2.24426	-	-	-	-	O
C62792766      none	B	[c:1][c:2]!@[c:3][s,o,nX3H1:4]	160.515	3.02726	-	-	-	-	G
C00035340      none	B	[aH1:1][c:2]([aH0])!@[SX2:3][!#1:4]	0.0219093	22.2568	-	-	-	-	G
C00035340      none	B	[!#1:1][CX3:2]!@[SX2:3][!#1:4]	119.992	0.338855	-	-	-	-	R
C00035340      none	B	[cH1:1][c:2]([cH1])!@[CX3:3]=[O:4]	30.2556	3.1746	-	-	-	-	O
C00035340      none	B	[O-:1][N+:2](=O)!@[c:3]([cH,nX2H0])[cH,nX2H0:4]	179.955	23.2156	-	-	-	-	G
C41204235      none	B	[n,o,s:1][c:2]!@[CX4H2:3][CX4:4]	180	8.82573	-	-	-	-	G
C41204235      none	B	[a:1][c:2]!@[CX4H1:3][N,O:4]	-90.0039	1.29082	-	-	-	-	G
C41204235      none	B	[!#1:1][CX4H1:2]!@[NX3:3][!#1:4]	119.998	4.42569	-	-	-	-	O
C41204235      none	B	[cH1:1][c:2]([cH1])!@[NX3:3][CX4:4]	120.003	0.904583	-	-	-	-	O
C41204235      none	B	[O-:1][N+:2](=O)!@[c:3]([cH0])[cH,nX2H0:4]	90.2778	0.274725	-	-	-	-	O
C05184311      none	B	[*^2:1]~[C^2:2]([!H])!@[C^2:3]~[*^2:4]	150.31	1.21045	-	-	-	-	G
C05184311      none	B	[*:1]~[NX2:2]!@[OX2:3]~[*:4]	119.999	0.138217	-	-	-	-	R
C05184311      none	B	[OX2:1][CX4:2]!@[CX4:3][N:4]	-59.9958	14.8764	-	-	-	-	G
C05184311      none	B	[!#1:1][CX4H2:2]!@[NX3H1:3][!#1:4]	149.997	1.87295	-	-	-	-	O
C05184311      none	B	[cH0:1][c:2]([cH,nX2H0])!@[NX3H1:3][CX4:4]	-159.723	4.72103	-	-	-	-	O
C02038700      none	B	[!#1:1][CX4H2:2]!@[CX4H2:3][!#1:4]	59.9974	3.99483	-	-	-	-	G
C02038700      none	B	[!#1:1][CX4H2:2]!@[CX4H2:3][!#1:4]	179.994	58.554	-	-	-	-	G
C02038700      none	B	[!#1:1][CX4:2]!@[SX2:3][!#1:4]	-90.0002	3.00607	-	-	-	-	G
C02038700      none	B	[aH0:1][c:2]([aH0])!@[SX2:3][!#1:4]	150.003	0.567303	-	-	-	-	O
C42143880      none	B	[aH0:1][c:2]([aH0])!@[SX2:3][!#1:4]	-149.993	0.43837	-	-	-	-	O
C42143880      none	B	[aH0:1][c:2]([aH0])!@[SX2:3][!#1:4]	120.004	1.75348	-	-	-	-	G
C07005691      none	B	[a:1][c:2]!@[CX4H1:3][H:4]	4.33335	6.54616	-	-	-	-	G
C07005691      none	B	[aH0:1][c:2]([aH0])!@[SX2:3][!#1:4]	-120.001	1.95977	-	-	-	-	G
C07005691      none	B	[!#1:1][CX4:2]!@[SX2:3][!#1:4]	160.003	2.91722	-	-	-	-	G
C07005691      none	B	[cH0:1][c:2]!@[CX4H2:3][N,O,S:4]	-90.0031	7.87941	-	-	-	-	G
C50869897      none	B	[n,o,s:1][c:2]!@[CX4H2:3][CX4:4]	0.000155399	6.43231	-	-	-	-	G
C48837443      none	B	[aH1:1][c:2]([aH1])!@[SX2:3][!#1:4]	-29.9985	2.06819	-	-	-	-	G
C48837443      none	B	[aH0:1][c:2]([aH0])!@[SX2:3][!#1:4]	-30.0039	0.51573	-	-	-	-	O
C20046781      none	B	[cH1:1][c:2]([cH1])!@[NX3:3][CX4:4]	-159.997	2.66685	-	-	-	-	G
C20046781      none	B	[!#1:1][CX4H2:2]!@[NX3H1:3][!#1:4]	149.996	1.87295	-	-	-	-	O
C20046781      none	B	[OX2:1][CX4:2]!@[CX4:3][N:4]	-42.095	1.41573	-	-	-	-	G
C40539533      none	-	-	-	-	-	-	-	-	-
C62606463      none	B	[c:1][c:2]!@[c:3][s,o,nX3H1:4]	-0.00468556	17.837	-	-	-	-	G
C62606463      none	B	[a:1][c:2]!@[CX4H2:3][!#1:4]	135.005	1.69481	-	-	-	-	O
C62606463      none	B	[*:1]~[CX4:2]!@[NX4:3]~[*:4]	60.0017	15.3058	-	-	-	-	G
C62606463      none	B	[*:1]~[CX4:2]!@[NX4:3]~[*:4]	148.625	0.759429	-	-	-	-	O
C03181113      none	B	[$([C](=O)):1][NX3H1:2]!@[$([a]([nH0,o])):3][cH1:4]	-29.984	3.65591	-	-	-	-	O
C03181113      none	B	[O:1]=[CX3:2]!@[NX3H1:3][!#1:4]	0.00240676	63.7893	-	-	-	-	G
C03181113      none	B	[s:1][c:2]!@[C:3]([NH1])=[O:4]	-30.0044	2.1978	-	-	-	-	O
C43682656      none	B	[H:1][CX4H1:2]!@[O:3][CX4:4]	160.003	0.0441371	-	-	-	-	R
C43682656      none	B	[*:1][CX4:2]!@[O:3][CX4:4]	160.002	2.43188	-	-	-	-	G
C43682656      none	B	[a:1][c:2]!@[CX4H2:3][!#1:4]	-89.6701	7.30446	-	-	-	-	G
C48324139      none	B	[a:1][c:2]!@[CX4H2:3][a:4]	89.9951	4.86842	-	-	-	-	G
C48324139      none	B	[!#1:1][CH2:2]!@[n:3][cH0:4]	179.999	0.148746	-	-	-	-	R
C48324139      none	B	[aH0:1][c:2]([aH0])!@[SX2:3][!#1:4]	-150	0.43837	-	-	-	-	O
C48324139      none	B	[!#1:1][CX4:2]!@[SX2:3][!#1:4]	-79.997	6.01214	-	-	-	-	G
C48324139      none	B	[a:1][c:2]!@[CX4H2:3][!#1:4]	-89.7352	7.30446	-	-	-	-	G
C35150864      none	B	[cH0:1][c:2]([cH,nX2H0])!@[NX3H1:3][CX4:4]	-160.022	4.72103	-	-	-	-	O
C35150864      none	B	[!#1:1][CX4H2:2]!@[NX3H1:3][!#1:4]	-119.996	2.14327	-	-	-	-	O
C35150864      none	B	[OX2:1][CX4:2]!@[CX4:3][N:4]	80.0152	3.55056	-	-	-	-	O
C05517434      none	B	[a:1][c:2]!@[CX4H1:3][H:4]	119.995	1.00725	-	-	-	-	G
C05517434      none	B	[*:1]~[CX3:2]!@[cX3:3]~[*:4]	-30.0111	2.32371	-	-	-	-	O
C05517434      none	B	[*:1]~[NX3:2]!@[NX2:3]~[*:4]	150	0.447375	-	-	-	-	O
C05517434      none	B	[O:1]=[CX3:2]!@[NX3H1:3][!#1:4]	0.00840963	63.7893	-	-	-	-	G
C44978859      none	B	[a:1][c:2]!@[CX4H1:3][H:4]	-120.004	0.954033	-	-	-	-	G
C44978859      none	B	[c:1][c:2]!@[c:3][s,o,nX3H1:4]	150.259	2.6253	-	-	-	-	G
C35728316      none	B	[cH1:1][a:2]([cH1])!@[a:3]([sX2,o,nX2H0,nX3H1:4])([cH1])	0.00108736	11.7616	-	-	-	-	G
C12779808      none	B	[$(C=O):1][O:2]!@[CH2:3]~[C:4]	-120.002	1.56085	-	-	-	-	O
C12779808      none	B	[O:1]=[C:2]!@[O:3]~[C:4]	0.000489696	74.4927	-	-	-	-	G
C12779808      none	B	[cH0:1][c:2]([cH0])!@[CX3:3]=[O:4]	-59.6883	2.48131	-	-	-	-	O
C12779808      none	B	[a:1][c:2]!@[C:3]([NH0])=[O:4]	-60.0023	3.63889	-	-	-	-	G
C12779808      none	B	[O:1]=[C:2]!@[NX3H0:3]([a:4])[A]	29.6941	0.827016	-	-	-	-	G
C53164101      none	B	[a:1][c:2]!@[CX4H1:3][N,O:4]	-59.9972	3.48172	-	-	-	-	G
C53164101      none	B	[!#1:1][CX4H1:2]!@[NX3:3][!#1:4]	-119.994	4.10724	-	-	-	-	O
C53164101      none	B	[cH0:1][c:2]([cH0])!@[NX3:3][CX4:4]	-120	2.52672	-	-	-	-	G
C53164101      none	B	[O-:1][N+:2](=O)!@[c:3]([cH0])[cH,nX2H0:4]	-0.0143054	12.6374	-	-	-	-	G
C36152725      none	B	[a:1][c:2]!@[CX4H1:3][N,O:4]	-30.0055	3.61778	-	-	-	-	G
C36152725      none	B	[a:1][c:2]!@[CX4H1:3][H:4]	0.000615814	6.54616	-	-	-	-	G
C38040204      none	B	[cH1:1][c:2]([cH0])!@[NX3:3][a:4]	-90.028	1.1236	-	-	-	-	G
C38040204      none	B	[cH0:1][c:2]([cH0])!@[NX3:3][a:4]	-149.718	2.589	-	-	-	-	G
C00073544      none	B	[a:1][a:2]!@[NX3:3][!#1:4]	-59.9959	1.73028	-	-	-	-	O
C00073544      none	B	[cH1:1][c:2]([cH1])!@[NX3:3][a:4]	-179.725	2.29759	-	-	-	-	O
C50837434      none	B	[!#1:1][CX4:2]!@[CX4:3][!#1:4]	-60.0093	12.2558	-	-	-	-	G
C50837434      none	B	[!#1:1][CX4:2]!@[SX2:3][!#1:4]	-40.0011	0.858878	-	-	-	-	O
C50837434      none	B	[!#1:1][CX4:2]!@[SX2:3][!#1:4]	-160.001	3.18377	-	-	-	-	G
C50837434      none	B	[cH0:1][c:2]!@[CX4H2:3][N,O,S:4]	-45.0034	1.84995	-	-	-	-	G
C50837434      none	B	[cH1:1][c:2]([cH1])!@[O:3][C:4]	179.999	26.896	-	-	-	-	G
C54788596      none	B	[cH0:1][c:2]([cH,nX2H0])!@[NX3H1:3][CX4:4]	-19.9951	0	-	-	-	-	R
C54788596      none	B	[!#1:1][CX4H2:2]!@[NX3H1:3][!#1:4]	-149.999	1.95018	-	-	-	-	O
C54788596      none	B	[a:1][c:2]!@[CX4H2:3][!#1:4]	0.273027	2.24426	-	-	-	-	O
C37757279      none	B	[cH0:1][c:2]!@[CX4H2:3][CX4:4]	89.9991	18.5823	-	-	-	-	G
C37757279      none	B	[$(C=O):1][NX3H0:2]!@[c:3]([cH1])[cH1:4]	-29.7238	1.1203	-	-	-	-	G
C42404137      none	B	[c:1][c:2]!@[c:3][s,o,nX3H1:4]	120.275	0.615501	-	-	-	-	O
C37022620      none	B	[aH1:1][c:2]([aH1])!@[SX2:3][!#1:4]	-60.0046	2.06819	-	-	-	-	G
C37022620      none	B	[aH1:1][c:2]([aH0])!@[SX2:3][*R:4]	0.00661188	13.5204	-	-	-	-	G
C61564082      none	B	[!#1:1][CX4H2:2]!@[CX4H2:3][!#1:4]	180	58.554	-	-	-	-	G
C61564082      none	B	[n,o,s:1][c:2]!@[CX4H2:3][CX4:4]	45.3062	2.99177	-	-	-	-	O
C61564082      none	B	[$([cH0]([$([NX3H2]),$([NX3H1])])):1][a:2]!@[a:3][nX2:4]	150.003	0	-	-	-	-	R
C11613894      none	B	[$(C=O):1][O:2]!@[c:3]~[*:4]	90.003	8.88554	-	-	-	-	G
C11613894      none	B	[O:1]=[C:2]!@[O:3]~[!#1:4]	-0.00151771	73.7697	-	-	-	-	G
C11613894      none	B	[cH1:1][c:2]([cH1])!@[CX3:3]=[O:4]	60.2752	0.265671	-	-	-	-	R
C05519595      none	B	[aH0:1][c:2]([aH0])!@[SX2:3][!#1:4]	60.0006	2.01135	-	-	-	-	G
C05519595      none	B	[!#1:1][CX3:2]!@[SX2:3][!#1:4]	-90.0038	1.24247	-	-	-	-	G
C05519595      none	B	[a:1][a:2]!@[CX3:3]=[O:4]	60.2976	0.735836	-	-	-	-	R
C15540038      none	B	[$(C=O):1][NX3H1:2]!@[c:3]([cH0]F)[cH:4]	-30.0023	8.77193	-	-	-	-	G
C15540038      none	B	[O:1]=[CX3:2]!@[NX3H1:3][!#1:4]	0.000634679	63.7893	-	-	-	-	G
C15540038      none	B	[cH1:1][c:2]([cH1])!@[C:3]([NH1,NH2])=[O:4]	152.989	9.05971	-	-	-	-	G
C21988915      none	B	[O:1]=[C:2]!@[O:3]~[C:4]	0.0011242	74.4927	-	-	-	-	G
C21988915      none	B	[a:1][a:2]!@[CX3:3]=[O:4]	-119.689	0.825401	-	-	-	-	R
C21988915      none	B	[c:1][c:2]!@[c:3][s,o,nX3H1:4]	-59.4561	0.590378	-	-	-	-	O
C02526222      none	B	[O-:1][N+:2](=O)!@[c:3]([cH0])[cH0:4]	89.9772	5.69106	-	-	-	-	G
C49414793      none	B	[$(C=O):1][NX3H1:2]!@[c:3]([cH0]F)[cH:4]	30.0094	10.5263	-	-	-	-	G
C49414793      none	B	[O:1]=[CX3:2]([$([NX3H1]C)])!@[NX3H1:3][!#1:4]	-0.000687462	41.1343	-	-	-	-	G
C49414793      none	B	[O:1]=[CX3:2]([$([NX3H1]C)])!@[NX3H1:3][!#1:4]	0.00554186	41.1343	-	-	-	-	G
C49414793      none	B	[$([CX3]=O):1][NX3H1:2]!@[CX4H2:3][C:4] 	-60.0113	1.43139	-	-	-	-	G
C49414793      none	B	[!#1:1][CX4H2:2]!@[CX4H2:3][!#1:4]	-59.998	3.77933	-	-	-	-	G
C49414793      none	B	[!#1:1][CX4:2]!@[SX2:3][!#1:4]	180	11.1654	-	-	-	-	G
C49414793      none	B	[!#1:1][CX4:2]!@[SX2:3][!#1:4]	51.8397	2.48778	-	-	-	-	G
C50101699      none	B	[cH1:1][c:2]([cH1])!@[NX3:3][a:4]	-149.995	4.2357	-	-	-	-	G
C50101699      none	B	[cH1:1][c:2]([cH1])!@[NX3:3][a:4]	-59.7372	3.06346	-	-	-	-	G
C52756480      none	B	[aH0:1][c:2]([aH0])!@[SX2:3][!#1:4]	150.007	0.567303	-	-	-	-	O
C52756480      none	B	[!#1:1][CX4:2]!@[SX2:3][!#1:4]	-160.002	3.18377	-	-	-	-	G
C52756480      none	B	[cH0:1][c:2]!@[CX4H2:3][N,O,S:4]	135.001	0.650908	-	-	-	-	G
C50267467      none	B	[cH0:1][c:2]([cH,nX2H0])!@[NX3H1:3][CX4:4]	-160.004	4.72103	-	-	-	-	O
C50267467      none	B	[!#1:1][CX4H2:2]!@[NX3H1:3][!#1:4]	150.003	1.87295	-	-	-	-	O
C50267467      none	B	[OX2:1][CX4:2]!@[CX4:3][N:4]	-40.5769	1.41573	-	-	-	-	G
CHEMBL209027      none	B	[cH1:1][c:2]([cH1])!@[O:3][C:4]	90.0064	0.460429	-	-	-	-	R
CHEMBL209027      none	B	[c:1][CX4H2:2]!@[OX2:3][c:4]	120	0.172563	-	-	-	-	R
CHEMBL209027      none	B	[a:1][c:2]!@[CX4H2:3][!#1:4]	-89.731	7.30446	-	-	-	-	G
C41020502      none	B	[aH1:1][c:2]([aH1])!@[SX2:3][!#1:4]	30.0036	2.06819	-	-	-	-	G
C41020502      none	B	[cH1:1][c:2]([cH1])!@[NX3:3][a:4]	-89.9915	0.687715	-	-	-	-	O
C41020502      none	B	[cH1:1][c:2]([cH0])!@[NX3:3][a:4]	60.271	2.49688	-	-	-	-	O
C12139153      none	-	-	-	-	-	-	-	-	-
C62722807      none	B	[CX4:1][CX4H2:2]!@[NX3:3][CX4:4]	-89.9988	8.29232	-	-	-	-	G
C62722807      none	B	[CX4:1][CX4H2:2]!@[NX3:3][CX4:4]	-90.0043	8.29232	-	-	-	-	G
C62722807      none	B	[cH1:1][c:2]([cH1])!@[NX3:3][CX4:4]	-29.999	1.41383	-	-	-	-	G
C62722807      none	B	[cH1:1][c:2]([cH1])!@[CX3:3]=[O:4]	-90.0018	0.0739844	-	-	-	-	R
C62722807      none	B	[!#1:1][CX4:2]!@[CX3:3]=[O:4]	180	1.70549	-	-	-	-	R
C45745700      none	B	[$(C=O):1][NX3H1:2]!@[c:3]([cH1])[cH1:4]	149.98	5.05437	-	-	-	-	G
C45745700      none	B	[O:1]=[CX3:2]!@[NX3H1:3][!#1:4]	-0.00430151	63.7893	-	-	-	-	G
C45745700      none	B	[*^2:1]~[C^2:2]([!H])!@[C^2:3]~[*^2:4]	0.00427191	20.0453	-	-	-	-	G
C45745700      none	B	[a:1][c:2]!@[CX3:3]=[CX3H0:4]	60.3	3.25561	-	-	-	-	G
C66811086      none	B	[c:1][c:2]!@[c:3][s,o,nX3H1:4]	29.9936	2.54993	-	-	-	-	G
C66811086      none	B	[aH0:1][c:2]([aH0])!@[SX2:3][!#1:4]	89.9927	3.2491	-	-	-	-	G
C66811086      none	B	[aH1:1][c:2]([aH0])!@[SX2:3][*R:4]	60.0027	1.02041	-	-	-	-	O
C66811086      none	B	[O-:1][N+:2](=O)!@[c:3]([cH0])[cH,nX2H0:4]	0.223066	12.6374	-	-	-	-	G
C35429277      none	B	[cH1:1][c:2]([cH0])!@[O:3][c:4]	0.0224133	9.46237	-	-	-	-	G
C35429277      none	B	[aH0:1][c:2]!@[OX2:3][!#1:4]	135.317	0.316936	-	-	-	-	R
C35429277      none	B	[cH0:1][c:2]!@[CX4H2:3][N,O,S:4]	-134.994	0.856458	-	-	-	-	G
C36882121      none	B	[c:1][c:2]!@[c:3][s,o,nX3H1:4]	-179.732	12.4984	-	-	-	-	G
C39987685      none	B	[cH1:1][a:2]([cH1])!@[a:3]([sX2,o,nX2H0,nX3H1:4])	-179.682	10.6726	-	-	-	-	G
C39987685      none	B	[a:1][c:2]!@[CX4H2:3][!#1:4]	-89.9995	7.30446	-	-	-	-	G
C39987685      none	B	[!#1:1][CX4H2:2]!@[NX3H1:3][!#1:4]	-119.994	2.14327	-	-	-	-	O
C39987685      none	B	[cH0:1][c:2]([cH,nX2H0])!@[NX3H1:3][CX4:4]	160.001	3.7196	-	-	-	-	O
C62452190      none	B	[C:1][CX4:2]!@[NX3;"N_lp":3][C:4]	180	5.71656	-	-	-	-	G
C62452190      none	B	[!#1:1][CX4:2]!@[CX4:3][!#1:4]	-40.0038	0.976141	-	-	-	-	G
C62452190      none	B	[!#1:1][CX4H2:2]!@[CX4H2:3][!#1:4]	-59.9918	3.77933	-	-	-	-	G
C62452190      none	B	[!#1:1][CX4:2]!@[SX2:3][!#1:4]	-150.004	1.30312	-	-	-	-	G
C62452190      none	B	[aH1:1][c:2]([aH0])!@[SX2:3][!#1:4]	-120	0.466926	-	-	-	-	O
C44825080      none	B	[a:1][c:2]!@[CX4H1:3][N,O:4]	-89.9937	1.29082	-	-	-	-	G
C44825080      none	B	[$(C=O):1][NX3H1:2]!@[CX4H1:3][H:4]	32.0018	9.46757	-	-	-	-	G
C44825080      none	B	[O:1]=[CX3:2]!@[NX3H1:3][!#1:4]	0.00461074	63.7893	-	-	-	-	G
C44825080      none	B	[C:1][CX4:2]!@[CX3:3]=[O:4]	29.9841	3.28614	-	-	-	-	G
C44825080      none	B	[!#1:1][CX4:2]!@[CX4:3][!#1:4]	-39.9977	0.976141	-	-	-	-	G
C48441356      none	B	[!#1:1][CX4H2:2]!@[NX3;"N_lp":3][!#1:4]	60.0009	4.96553	-	-	-	-	G
C48441356      none	B	[!#1:1][CX4H2:2]!@[NX3;"N_lp":3][!#1:4]	-160.002	6.28481	-	-	-	-	G
C48441356      none	B	[a:1][c:2]!@[CX4H2:3][!#1:4]	90.3172	7.24386	-	-	-	-	G
C48441356      none	B	[!#1:1][CH2:2]!@[n:3][a:4]	135.31	0.423307	-	-	-	-	O
C48441356      none	B	[O-:1][N+:2](=O)!@[c:3]([cH,nX2H0])[cH,nX2H0:4]	179.974	23.2156	-	-	-	-	G
C57345662      none	B	[CX3:1]=[CX3:2]!@[CH2:3][!#1:4]	119.998	8.78049	-	-	-	-	G
C57345662      none	B	[!#1:1][CX4H2:2]!@[NX3H1:3][!#1:4]	180	11.3535	-	-	-	-	G
C57345662      none	B	[a:1][a:2]!@[NX3:3][!#1:4]	0.280192	10.9271	-	-	-	-	G
C28705370      none	B	[a:1][a:2]!@[CX3:3]=[CX3H1:4]	89.9985	0.399663	-	-	-	-	O
C28705370      none	B	[*:1]~[CX3:2]!@[NX3:3]~[*:4]	90.0097	0.0573688	-	-	-	-	R
C24968017      none	B	[O:1]=[C:2]!@[O:3]~[C:4]	-0.00141531	74.4927	-	-	-	-	G
C24968017      none	B	[a:1][a:2]!@[CX3:3]=[O:4]	-179.705	14.6728	-	-	-	-	G
C24968017      none	B	[cH0:1][c:2]!@[CX4H2:3][N,O,S:4]	-135	0.959233	-	-	-	-	G
C24968017      none	B	[!#1:1][CX4:2]!@[SX2:3][!#1:4]	-159.999	3.18377	-	-	-	-	G
C24968017      none	B	[aH0:1][c:2]([aH0])!@[SX2:3][!#1:4]	89.9985	3.2491	-	-	-	-	G
C37562848      none	B	[cH0:1][c:2]([cH0])!@[O:3][C:4]	89.9995	14.2516	-	-	-	-	G
C37562848      none	B	[cH0:1][c:2]([cH,nX2H0])!@[NX3H1:3][CX4:4]	180	49.7854	-	-	-	-	G
C37562848      none	B	[!#1:1][CX4H2:2]!@[NX3H1:3][!#1:4]	180	11.3535	-	-	-	-	G
C37562848      none	B	[a:1][c:2]!@[CX4H2:3][!#1:4]	135.279	1.69481	-	-	-	-	O
C37562848      none	B	[O-:1][N+:2](=O)!@[c:3][a:4]	0.00475725	18.5814	-	-	-	-	G
C55341903      none	B	[a:1][c:2]!@[CX4H1:3][H:4]	-120	0.954033	-	-	-	-	G
C07495077      none	B	[a:1][c:2]!@[CX4H0:3][CX4:4]	-119.732	5.28723	-	-	-	-	G
C07495077      none	B	[cH1:1][c:2]([cH1])!@[CX3:3]=[O:4]	-149.993	3.39656	-	-	-	-	G
C07495077      none	B	[!#1:1][CX4H2:2]!@[CX3:3]=[O:4]	59.9973	1.20812	-	-	-	-	G
C07495077      none	B	[!#1:1][CH2:2]!@[n:3][cH0:4]	44.9999	0.0212495	-	-	-	-	R
C36533167      none	B	[aH1:1][c:2]([aH1])!@[SX4:3][!#1:4]	-0.00140587	0.126904	-	-	-	-	R
C35412226      none	B	[$([cH0]([$([NX3H2]),$([NX3H1])])):1][a:2]!@[a:3][nX2:4]	-0.0011383	34.7826	-	-	-	-	G
C32095689      none	B	[a:1][c:2]!@[CX4H1:3][H:4]	180	7.22227	-	-	-	-	G
C32095689      none	B	[c:1][c:2]!@[c:3][s,o,nX3H1:4]	120.688	0.615501	-	-	-	-	O
C32095689      none	B	[cH0:1][c:2]([cH1])!@[O:3][C:4]	89.9991	0.6255	-	-	-	-	R
CHEMBL174289      none	B	[a:1][c:2]!@[C:3]([NH1,NH2])=[O:4]	-30.0034	5.14706	-	-	-	-	O
CHEMBL174289      none	B	[O:1]=[CX3:2]!@[NX3H1:3][!#1:4]	0.00109359	63.7893	-	-	-	-	G
CHEMBL174289      none	B	[$(C=O):1][NX3H1:2]!@[CX4H2:3][$([c]([cH,nX2H0])[cH,nX2H0]):4]	-150.002	1.01266	-	-	-	-	G
CHEMBL174289      none	B	[a:1][c:2]!@[CX4H2:3][!#1:4]	-44.7327	1.62815	-	-	-	-	O
C37194790      none	B	[c:1][c:2]!@[c:3][s,o,nX3H1:4]	-29.9962	2.72579	-	-	-	-	G
C37194790      none	B	[a:1][c:2]!@[CX4H2:3][!#1:4]	135.005	1.69481	-	-	-	-	O
C37194790      none	B	[!#1:1][CX4:2]!@[SX2:3][!#1:4]	159.998	2.91722	-	-	-	-	G
C37194790      none	B	[aH1:1][c:2]([aH0])!@[SX2:3][!#1:4]	-120.004	0.466926	-	-	-	-	O
C07983509      none	B	[aH1:1][c:2]([aH0])!@[SX2:3][*R:4]	-0.00621359	13.5204	-	-	-	-	G
C07983509      none	B	[aH0:1][c:2]([aH0])!@[SX2:3][!#1:4]	120.004	1.75348	-	-	-	-	G
C54159175      none	B	[a:1][c:2]!@[CX4H1:3][H:4]	55.6923	1.05062	-	-	-	-	G
C54159175      none	B	[c:1][c:2]!@[c:3][s,o,nX3H1:4]	-30.0065	2.72579	-	-	-	-	G
C54159175      none	B	[s:1][c:2]([aX2,cH1])!@[CX3:3]=[O:4]	60.2547	0	-	-	-	-	R
C66717677      none	B	[a:1][a:2]!@[NX3:3][!#1:4]	0.0036689	10.9271	-	-	-	-	G
C66717677      none	B	[aH0:1][c:2]([aH0])!@[SX4:3][!#1:4]	33.9675	0.418994	-	-	-	-	R
C66717677      none	B	[!#1:1][CX4:2]!@[SX4:3][!#1:4]	-159.994	2.90526	-	-	-	-	G
C66717677      none	B	[a:1][c:2]!@[CX4H2:3][!#1:4]	135.283	1.69481	-	-	-	-	O
C66717677      none	B	[cH0:1][c:2]([cH1])!@[O:3][C:4]	180	48.7454	-	-	-	-	G
C43538468      none	B	[aH0:1][c:2]([aH0])!@[SX2:3][!#1:4]	120.002	1.75348	-	-	-	-	G
C43538468      none	B	[aH0:1][c:2]([aH0])!@[SX2:3][!#1:4]	-150.001	0.43837	-	-	-	-	O
C61515254      none	B	[nX2:1][c:2]([nX2])!@[O:3][C:4]	-179.736	41.4474	-	-	-	-	G
C61515254      none	B	[aH0:1][c:2]([aH0])!@[SX2:3][!#1:4]	-60.009	1.39247	-	-	-	-	G
C61515254      none	B	[aH1:1][c:2]([aH0])!@[SX2:3][*R:4]	30.008	3.82653	-	-	-	-	O
C45028343      none	B	[c:1][c:2]!@[c:3][s,o,nX3H1:4]	-30.0059	2.72579	-	-	-	-	G
C34955953      none	B	[a:1][c:2]!@[CX4H2:3][a:4]	45.0005	2.21805	-	-	-	-	O
C34955953      none	B	[a:1][c:2]!@[CX4H2:3][a:4]	135.302	1.80451	-	-	-	-	O
C34955953      none	B	[a:1][c:2]!@[CX4H2:3][!#1:4]	89.9954	7.24386	-	-	-	-	G
C42581119      none	B	[!#1:1][CX4:2]!@[CX4:3][!#1:4]	59.9953	12.3771	-	-	-	-	G
C42581119      none	B	[!#1:1][CX4H1:2]!@[NX3:3][!#1:4]	-39.9995	0.726728	-	-	-	-	G
C42581119      none	B	[a:1][c:2]!@[NX3H1:3][$([CX4r]([C;r])([C;r])):4]	150.001	1.13636	-	-	-	-	G
C59519027      none	B	[*:1]~[CX3:2]!@[cX3:3]~[*:4]	29.9996	2.3246	-	-	-	-	O
C59519027      none	B	[*:1]~[cX3:2]!@[NX2:3]~[*:4]	120.285	1.45599	-	-	-	-	O
C67371793      none	B	[a:1][c:2]!@[CX4H2:3][!#1:4]	89.9985	7.24386	-	-	-	-	G
C67371793      none	B	[!#1:1][CX4H2:2]!@[NX3:3][!#1:4]	0.00109919	0.0467917	-	-	-	-	G
C67371793      none	B	[a:1][a:2]!@[NX3:3][!#1:4]	-59.9976	1.73028	-	-	-	-	O
C50341703      none	B	[a:1][c:2]!@[CX4H1:3][N,O:4]	120.003	3.12238	-	-	-	-	G
C50341703      none	B	[!#1:1][CX4H1:2]!@[NX3:3][!#1:4]	-119.994	4.10724	-	-	-	-	O
C50341703      none	B	[cH0:1][c:2]([cH,nX2H0])!@[NX3H1:3][CX4:4]	-120.007	0	-	-	-	-	R
C50341703      none	B	[cH1:1][a:2]([cH1])!@[a:3]([sX2,o,nX2H0,nX3H1:4])([cH1])	180	11.5003	-	-	-	-	G
C20353478      none	B	[cH0:1][a:2]([cH0])!@[a:3]([sX2,o,nX2H0,nX3H1:4])([cH1])	119.995	5.32646	-	-	-	-	G
C03287462      none	B	[C:1][CX4:2]!@[NX3:3][C:4]	89.9976	4.4579	-	-	-	-	G
C03287462      none	B	[!#1:1][CX3:2](=S)!@[NX3H1:3][!#1:4]	179.995	37.0618	-	-	-	-	G
C03287462      none	B	[!#1:1][CX3:2](=S)!@[NX3H1:3][!#1:4]	0.000335279	27.5459	-	-	-	-	G
C03287462      none	B	[*:1]~[NX3:2]!@[NX2:3]~[*:4]	149.995	0.447375	-	-	-	-	O
C03287462      none	B	[cH1:1][c:2]([cH0])!@[CX3x0:3]=[NX2:4]	-29.725	0.921659	-	-	-	-	G
C63134497      none	B	[cH0:1][c:2]([cH,nX2H0])!@[NX3H1:3][CX4:4]	159.983	3.7196	-	-	-	-	O
C63134497      none	B	[!#1:1][CX4H2:2]!@[NX3H1:3][!#1:4]	90.0083	6.33327	-	-	-	-	G
C63134497      none	B	[!#1:1][CX4H2:2]!@[CX4H2:3][!#1:4]	180	58.554	-	-	-	-	G
C63134497      none	B	[n,o,s:1][c:2]!@[CX4H2:3][CX4:4]	90.3236	4.03889	-	-	-	-	G
C42414844      none	B	[cH0:1][c:2]!@[CX4H2:3][CX4:4]	90.3114	18.5823	-	-	-	-	G
C42414844      none	B	[c:1][c:2]!@[c:3][s,o,nX3H1:4]	150.273	2.6253	-	-	-	-	G
C51728425      none	B	[n,o,s:1][c:2]!@[CX4H2:3][CX4:4]	-89.9931	5.3104	-	-	-	-	G
C51728425      none	B	[c:1][c:2]!@[c:3][s,o,nX3H1:4]	-29.4481	2.72579	-	-	-	-	G
C49120613      none	B	[a:1][c:2]!@[CX4H1:3][N,O:4]	-150.001	3.72593	-	-	-	-	G
C49120613      none	B	[OX2:1][CX4:2]!@[CX4:3][N:4]	159.993	1.1236	-	-	-	-	O
C49120613      none	B	[!#1:1][CX4H2:2]!@[NX3H1:3][!#1:4]	-120.004	2.14327	-	-	-	-	O
C49120613      none	B	[cH1:1][c:2]([cH1])!@[NX3:3][CX4:4]	160.272	2.99518	-	-	-	-	G
C65341314      none	B	[cH1:1][c:2]([cH1])!@[c:3]([cH1:4])[cH1]	150.27	8.0493	-	-	-	-	G
C65341314      none	B	[cH1:1][c:2]([cH1])!@[CX3:3]=[O:4]	0.00100088	14.2319	-	-	-	-	G
C43463814      none	B	[C:1][CH2:2]!@[O:3][CX4:4]	79.9942	1.71561	-	-	-	-	G
C43463814      none	B	[!#1:1][CX4H2:2]!@[CX4H2:3][!#1:4]	60.0038	3.99483	-	-	-	-	G
C43463814      none	B	[!#1:1][CH2:2]!@[n:3][cH0:4]	-134.997	0.892478	-	-	-	-	R
C43463814      none	B	[aH0:1][c:2]([aH0])!@[SX2:3][!#1:4]	150.002	0.567303	-	-	-	-	O
C43463814      none	B	[!#1:1][CX4:2]!@[SX2:3][!#1:4]	80.0003	6.41197	-	-	-	-	G
C43463814      none	B	[a:1][c:2]!@[CX4H2:3][!#1:4]	-89.6819	7.30446	-	-	-	-	G
C43463814      none	B	[c:1][c:2]!@[c:3][s,o,nX3H1:4]	-179.711	12.4984	-	-	-	-	G
C06781899      none	B	[$(C=O):1][O:2]!@[CH1:3][H:4]	-30.0094	11.3505	-	-	-	-	G
C06781899      none	B	[O:1]=[C:2]!@[O:3]~[C:4]	30.0042	0.0796663	-	-	-	-	R
C06781899      none	B	[*^2:1]~[C^2:2]([!H])!@[C^2:3]~[*^2:4]	-0.00417316	20.0453	-	-	-	-	G
C06781899      none	B	[a:1][c:2]!@[CX3:3]=[CX3H0:4]	-59.7234	3.49737	-	-	-	-	G
C06781899      none	B	[cH1:1][c:2](cO)!@[O:3][C:4]	90.2497	0.310835	-	-	-	-	R
C61362942      none	B	[a:1][c:2]!@[CX4H1:3][N,O:4]	120.003	3.12238	-	-	-	-	G
C61362942      none	B	[C:1][CX4:2]!@[NX3;"N_lp":3][C:4]	79.9989	5.94326	-	-	-	-	G
C61362942      none	B	[CX4:1][CX4H2:2]!@[NX3;"N_lp":3][CX4:4]	159.998	6.03015	-	-	-	-	G
C61362942      none	B	[OX2:1][CX4:2]!@[CX4:3][N:4]	79.9942	3.55056	-	-	-	-	G
C61362942      none	B	[a:1][c:2]!@[CX4H1:3][N,O:4]	180	1.64318	-	-	-	-	G
C36698678      none	B	[$(C=O):1][NX3H1:2]!@[c:3](s)[n:4]	180	66.092	-	-	-	-	G
C36698678      none	B	[O:1]=[CX3:2]!@[NX3H1:3][!#1:4]	-0.00523826	63.7893	-	-	-	-	G
C36698678      none	B	[C:1][CX4:2]!@[CX3:3]=[O:4]	-11.7456	4.98978	-	-	-	-	G
C06033062      none	B	[cH1:1][c:2]([cH1])!@[C:3]([NH1,NH2])=[O:4]	-26.9692	8.39053	-	-	-	-	G
C06033062      none	B	[O:1]=[CX3:2]!@[NX3H1:3][!#1:4]	-0.0115792	63.7893	-	-	-	-	G
C06033062      none	B	[*:1]~[NX3:2]!@[NX2:3]~[*:4]	180	29.4914	-	-	-	-	G
C06033062      none	B	[cH1:1][c:2]([$([cH0][OH1])])!@[CX3:3]=[NX2:4]	0.277491	0.652938	-	-	-	-	G
C06033062      none	B	[cH1:1][c:2](cO)!@[O:3][C:4]	-0.257992	49.3635	-	-	-	-	G
C20476443      none	B	[cH0:1][c:2]([cH0])!@[NX3:3][a:4]	60.0027	7.44337	-	-	-	-	G
C20476443      none	B	[a:1][a:2]!@[NX3:3][!#1:4]	120.271	1.62057	-	-	-	-	O
C02581911      none	B	[a:1][c:2]!@[CX4H1:3][H:4]	66.3593	0.614996	-	-	-	-	O
C02581911      none	B	[cH1:1][a:2]([cH1])!@[a:3]([sX2,o,nX2H0,nX3H1:4])	-19.6923	3.43881	-	-	-	-	G
C02581911      none	B	[a:1][c:2]!@[CX4H0:3][*:4]	-0.0030807	4.08823	-	-	-	-	G
C48695704      none	B	[aH1:1][c:2]([aH1])!@[SX2:3][!#1:4]	60.0041	2.51537	-	-	-	-	G
C48695704      none	B	[$(C=O):1][NX3H1:2]!@[c:3]([cH1])[cH1:4]	-60.0241	0.241643	-	-	-	-	R
C48695704      none	B	[O:1]=[CX3:2]!@[NX3H1:3][!#1:4]	29.9968	0.0707142	-	-	-	-	O
C48695704      none	B	[O:1]=[CX3:2]!@[NX3H0:3][!#1:4]	-179.681	18.2537	-	-	-	-	G
C31991021      none	B	[cH0:1][c:2]!@[c:3]([cH0])[nX2H0:4]	-60.0308	2.02532	-	-	-	-	G
C61844578      none	B	[c:1][c:2]!@[c:3][s,o,nX3H1:4]	149.999	2.6253	-	-	-	-	G
C61844578      none	B	[a:1][ar5:2]!@[ar5:3][a:4]	-119.687	1.62214	-	-	-	-	O
C43537413      none	B	[cH1:1][c:2]([cH1])!@[NX3:3][a:4]	-60.0042	3.06346	-	-	-	-	G
C43537413      none	B	[a:1][a:2]!@[NX3:3][!#1:4]	-149.719	1.91104	-	-	-	-	O
C23142996      none	B	[cH0:1][c:2]!@[CX4H2:3][CX4:4]	90.0004	18.5823	-	-	-	-	G
C23142996      none	B	[!#1:1][CX4H2:2]!@[CX4H2:3][!#1:4]	179.995	58.554	-	-	-	-	G
C23142996      none	B	[O:1]=[CX3:2]([NH1])!@[CH2:3][C:4]	60.0109	6.84932	-	-	-	-	G
C23142996      none	B	[O:1]=[CX3:2]!@[NX3H1:3][!#1:4]	-0.0117058	63.7893	-	-	-	-	G
C23142996      none	B	[$(C=O):1][NX3H1:2]!@[c:3]([cH0]Cl)[cH:4]	-29.7252	1.88679	-	-	-	-	G
C66330175      none	B	[$([cH0]([CX3])):1][c:2]([cH1])!@[O:3][C:4]	-150.057	0.289352	-	-	-	-	G
C66330175      none	B	[$([cH0]!@[*^2]):1][c:2]([cH1])!@[CX3:3]=[O:4]	-120.006	0.920398	-	-	-	-	O
C66330175      none	B	[C:1][CX4H2:2]!@[OX2:3][c:4]	150.025	0.884397	-	-	-	-	O
C66330175      none	B	[OX2:1][CX4H2:2]!@[CX3:3]([$([NX3H1,NX3H2])])=[O:4]	150.022	1.07143	-	-	-	-	O
C66330175      none	B	[O:1]=[CX3:2]!@[NX3H1:3][!#1:4]	-0.0149191	63.7893	-	-	-	-	G
C66330175      none	B	[$(C=O):1][NX3H1:2]!@[c:3]([cH1])[cH1:4]	150.032	5.05437	-	-	-	-	G
C66330175      none	B	[cH0:1][c:2]([cH,nX2H0])!@[NX3H0:3][CX4:4]	-179.706	4.9564	-	-	-	-	G
C37366520      none	B	[O:1]=[C:2]!@[O:3]~[C:4]	-0.00285715	74.4927	-	-	-	-	G
C37366520      none	B	[$([cH0](Cl)):1][c:2]([cH1])!@[CX3:3](O)=[O:4]	-119.997	0	-	-	-	-	R
C37366520      none	B	[O-:1][N+:2](=O)!@[c:3]([cH0])[cH,nX2H0:4]	0.0220616	12.6374	-	-	-	-	G
C48526372      none	B	[$(C=O):1][O:2]!@[c:3]~[*:4]	-60.0042	3.51406	-	-	-	-	G
C48526372      none	B	[O:1]=[C:2]!@[O:3]~[!#1:4]	0.00445087	73.7697	-	-	-	-	G
C48526372      none	B	[cH1:1][c:2]([cH1])!@[CX3:3]=[O:4]	30.3029	3.1746	-	-	-	-	O
C62996858      none	B	[cH1,nX2H0:1][c:2]([cH1,nX2H0])!@[NX3r:3][*:4]	150.269	1.71312	-	-	-	-	O
C62996858      none	B	[*:1]~[cX3:2]!@[NX2:3]~[*:4]	-60.0297	1.53044	-	-	-	-	O
CHEMBL348961      none	B	[cH1:1][c:2]([cH1])!@[O:3][C:4]	180	26.896	-	-	-	-	G
CHEMBL348961      none	B	[C:1][CX4H2:2]!@[OX2:3][c:4]	179.999	43.8829	-	-	-	-	G
CHEMBL348961      none	B	[!#1:1][CX4H2:2]!@[CX4H2:3][!#1:4]	179.998	58.554	-	-	-	-	G
CHEMBL348961      none	B	[!#1:1][CX4H2:2]!@[CX4H2:3][!#1:4]	-60.0024	3.77933	-	-	-	-	G
C04106811      none	B	[aH0:1][c:2]([aH0])!@[SX2:3][!#1:4]	-59.9991	1.39247	-	-	-	-	G
C45920010      none	B	[c:1][c:2]!@[c:3][s,o,nX3H1:4]	-30.0053	2.72579	-	-	-	-	G
C45957885      none	B	[a:1][a:2]!@[NX3:3][!#1:4]	0.003209	10.9271	-	-	-	-	G
C43537179      none	B	[cH1:1][c:2]([cH0])!@[NX3:3][a:4]	120.214	3.87016	-	-	-	-	G
C43537179      none	B	[a:1][a:2]!@[NX3:3][!#1:4]	-149.721	1.91104	-	-	-	-	O
C19431842      none	B	[cH1:1][c:2]([cH0])!@[O:3][c:4]	59.954	2.58065	-	-	-	-	G
C19431842      none	B	[aH0:1][c:2]!@[OX2:3][!#1:4]	90.0004	6.39603	-	-	-	-	G
C61122106      none	B	[a:1][a:2]!@[NX3:3][!#1:4]	-150.001	1.91104	-	-	-	-	O
C61122106      none	B	[cH1:1][c:2]([cH0])!@[NX3:3][a:4]	-59.7325	2.74657	-	-	-	-	O
C12359192      none	B	[c:1][c:2](c)!@[O:3][$(C([F])([F])[F]):4]	59.9934	0	-	-	-	-	O
C06889235      none	B	[c:1][c:2]!@[c:3][s,o,nX3H1:4]	150.002	2.6253	-	-	-	-	G
C06889235      none	B	[aH0:1][c:2]([aH0])!@[SX2:3][!#1:4]	-120.002	1.95977	-	-	-	-	G
C06889235      none	B	[!#1:1][CX4:2]!@[SX2:3][!#1:4]	160.001	2.91722	-	-	-	-	G
C06889235      none	B	[a:1][c:2]!@[CX4H2:3][!#1:4]	-89.7329	7.30446	-	-	-	-	G
C00499664      none	B	[*:1]~[cX3:2]!@[NX2:3]~[*:4]	-119.994	1.40635	-	-	-	-	O
C00499664      none	B	[cH0:1][c:2]([cH0])!@[CX3!r:3]=[NX2!r:4]	120.278	0.632911	-	-	-	-	O
C00499664      none	B	[O-:1][N+:2](=O)!@[c:3]([cH,nX2H0])[cH,nX2H0:4]	179.989	23.2156	-	-	-	-	G
CHEMBL597373      none	B	[a:1][c:2]!@[CX4H2:3][!#1:4]	150.027	1.43221	-	-	-	-	O
CHEMBL597373      none	B	[c:1][CX4H2:2]!@[OX2:3][c:4]	179.995	39.7757	-	-	-	-	G
CHEMBL597373      none	B	[cH1:1][c:2]([cH1])!@[O:3][C:4]	-179.739	26.896	-	-	-	-	G
CHEMBL597373      none	B	[a:1][c:2]!@[CX4H1:3][H:4]	-119.428	0.954033	-	-	-	-	O
C41386619      none	B	[!#1:1][CH2:2]!@[n:3][a:4]	-90.0022	13.2844	-	-	-	-	G
C41386619      none	B	[a:1][c:2]!@[CX4H2:3][a:4]	-44.6919	1.48496	-	-	-	-	O
C41386619      none	B	[c:1][c:2]!@[c:3][s,o,nX3H1:4]	119.996	0.615501	-	-	-	-	O
C41386619      none	B	[aH0:1][c:2]([aH0])!@[SX2:3][!#1:4]	0.00462115	13.1253	-	-	-	-	G
C41386619      none	B	[!#1:1][CX4:2]!@[SX2:3][!#1:4]	-131.383	0.666371	-	-	-	-	O
C39570019      none	B	[!#1:1][CX4r:2]!@[CX4r:3][!#1:4]	-63.1181	12.0758	-	-	-	-	G
C48437861      none	B	[cH0:1][c:2]!@[CX4H2:3][CX4:4]	-179.687	4.40506	-	-	-	-	R
C48437861      none	B	[cH0:1][c:2]([cH0])!@[CX3:3]=[O:4]	-150.01	1.01971	-	-	-	-	O
C48437861      none	B	[O:1]=[C:2]!@[O:3]~[!#1:4]	30.0027	0.0844276	-	-	-	-	R
C48437861      none	B	[$(C=O):1][O:2]!@[c:3]~[*:4]	-60.0012	3.51406	-	-	-	-	G
C48437861      none	B	[cH1:1][a:2]([cH1])!@[a:3]([cH1])[cH1:4]	-30.0027	8.34291	-	-	-	-	G
C54159176      none	B	[a:1][c:2]!@[CX4H1:3][H:4]	34.3017	4.04281	-	-	-	-	G
C54159176      none	B	[c:1][c:2]!@[c:3][s,o,nX3H1:4]	-30.0051	2.72579	-	-	-	-	G
C54159176      none	B	[s:1][c:2]([aX2,cH1])!@[CX3:3]=[O:4]	60.2616	0	-	-	-	-	R
C44181244      none	B	[a:1][c:2]!@[CX4H1:3][N,O:4]	-60.0054	3.48172	-	-	-	-	G
C44181244      none	B	[!#1:1][CX4:2]!@[CX4:3][!#1:4]	-159.995	1.85018	-	-	-	-	G
C44181244      none	B	[!#1:1][CH2:2]!@[n:3][cH0:4]	-89.6912	15.4696	-	-	-	-	G
C52225069      none	B	[cH0:1][a:2]([cH1])!@[a:3]([sX2,o,nX2H0,nX3H1:4])([cH1])	-30	3.80228	-	-	-	-	G
C52225069      none	B	[n,o,s:1][c:2]!@[CX4H2:3][CX4:4]	-30.0015	1.04712	-	-	-	-	O
C52225069      none	B	[!#1:1][CX4H2:2]!@[CX4H2:3][!#1:4]	-60.0012	3.77933	-	-	-	-	G
C57343540      none	B	[cH1:1][c:2]([cH1])!@[NX3H1:3][C,c:4]	-30.0001	4.22084	-	-	-	-	G
C57343540      none	B	[a:1][a:2]!@[NX3:3][!#1:4]	-179.732	11.4213	-	-	-	-	G
C57343540      none	B	[nX2r6:1][cH0r6:2]([cH1r6])!@[CX4H2:3][O!H:4]	-90.0019	1.35135	-	-	-	-	G
C57343540      none	B	[*:1][CX4:2]!@[O:3][CX4:4]	179.999	12.0478	-	-	-	-	G
C38053198      none	B	[cH0:1][a:2]([cH0])!@[a:3]([sX2,o,nX2H0,nX3H1:4])([cH1])	-59.9966	5.32646	-	-	-	-	G
C16919237      none	B	[*:1]~[CX3:2]!@[cX3:3]~[*:4]	-60.0063	1.26106	-	-	-	-	O
C16919237      none	B	[*:1]~[NX2:2]!@[NX2:3]~[*:4]	149.999	0.538841	-	-	-	-	G
C16919237      none	B	[cH1:1][c:2]([cH1])!@[CX3:3]=[NX2:4]	150.27	2.10453	-	-	-	-	G
C37550321      none	B	[$(C=O):1][NX3:2]!@[a:3][aH0:4]	120.002	2.43553	-	-	-	-	G
C37550321      none	B	[O:1]=[CX3:2]!@[NX3H1:3][!#1:4]	0.0035526	63.7893	-	-	-	-	G
C37550321      none	B	[O:1]=[CX3:2]!@[CX4H1r3:3][H:4]	30.0101	0.833333	-	-	-	-	O
C37550321      none	B	[!#1:1][CX4H2:2]!@[CX4H2:3][!#1:4]	60.0022	3.99483	-	-	-	-	G
C04343307      none	B	[cH1:1][a:2]([cH1])!@[a:3]([sX2,o,nX2H0,nX3H1:4])([cH1])	-0.00135738	11.7616	-	-	-	-	G
C37981680      none	B	[cH1:1][c:2]([cH1])!@[O:3][c:4]	-134.996	1.88592	-	-	-	-	G
C37981680      none	B	[aH0:1][c:2]!@[OX2:3][!#1:4]	135.292	0.316936	-	-	-	-	R
C37947748      none	B	[c:1][c:2]!@[c:3][s,o,nX3H1:4]	150.249	2.6253	-	-	-	-	G
C21623524      none	B	[cH0:1][c:2]!@[CX4H2:3][N,O,S:4]	134.998	0.685166	-	-	-	-	G
C21623524      none	B	[!#1:1][CX4:2]!@[SX2:3][!#1:4]	-160.002	3.18377	-	-	-	-	G
C21623524      none	B	[aH0:1][c:2]([aH0])!@[SX2:3][!#1:4]	29.9953	0.412584	-	-	-	-	O
C21623524      none	B	[n,o,s:1][c:2]!@[CX4H2:3][CX4:4]	0.00346324	6.43231	-	-	-	-	G
C21623524      none	B	[!#1:1][CX4:2]!@[CX4:3][!#1:4]	-80.6636	1.71775	-	-	-	-	G
C08764193      none	B	[aH1:1][c:2]([aH0])!@[SX2:3][*R:4]	-59.9999	0.765306	-	-	-	-	O
C08764193      none	B	[aH1:1][c:2]([aH1])!@[SX2:3][!#1:4]	-0.00414409	4.86305	-	-	-	-	G
C66818435      none	B	[cH0:1][c:2]([cH,nX2H0])!@[NX3H1:3][CX4:4]	-160.003	4.72103	-	-	-	-	O
C66818435      none	B	[!#1:1][CX4H2:2]!@[NX3H1:3][!#1:4]	150	1.87295	-	-	-	-	O
C66818435      none	B	[!#1:1][CX4:2]!@[CX4:3][!#1:4]	-11.376	0.0576714	-	-	-	-	R
C66818435      none	B	[a:1][c:2]!@[CX4H0:3][CX4:4]	-59.9979	5.9706	-	-	-	-	G
CHEMBL464798      none	B	[a:1][c:2]!@[C:3]([NH0])=[O:4]	-60.0008	3.63889	-	-	-	-	G
CHEMBL464798      none	B	[O:1]=[C:2]!@[NX3H0:3]([a:4])[A]	30.0048	0.827016	-	-	-	-	G
CHEMBL464798      none	B	[$(C=O):1][NX3H0:2]!@[c:3]([cH1])[cH1:4]	29.9879	1.15477	-	-	-	-	G
C01646568      none	B	[O-:1][N+:2](=O)!@[c:3]([cH0])[cH,nX2H0:4]	89.7388	0.274725	-	-	-	-	O
C50543948      none	B	[!#1:1][CX4:2]!@[CX4:3][!#1:4]	179.993	22.1548	-	-	-	-	G
C50543948      none	B	[!#1:1][CX4:2]!@[CX4:3][!#1:4]	80.0001	1.75235	-	-	-	-	G
C50543948      none	B	[!#1:1][CX4H2:2]!@[CX4H2:3][!#1:4]	180	58.554	-	-	-	-	G
C50543948      none	B	[cH1:1][c:2]([cH1])!@[CX4H2:3][CX4:4]	89.9983	11.713	-	-	-	-	G
C50543948      none	B	[!#1:1][CH2:2]!@[n:3][a:4]	0.003184	0.0996016	-	-	-	-	R
C49828101      none	B	[a:1][c:2]!@[CX4H0:3][CX4:4]	-119.731	5.28723	-	-	-	-	G
C49828101      none	B	[a:1][c:2]!@[CX4H1:3][N,O:4]	-32.6906	3.61778	-	-	-	-	G
C49828101      none	B	[OX2:1][CX4:2]!@[CX4:3][OX2:4]	-68.5106	16.1644	-	-	-	-	G
C03204583      none	B	[a:1][a:2]!@[CX3:3]=[CX3H1:4]	150.316	2.24372	-	-	-	-	G
C62365486      none	B	[!#1:1][CX4:2]!@[SX2:3][!#1:4]	-160.004	3.18377	-	-	-	-	G
C62365486      none	B	[aH0:1][c:2]([aH0])!@[SX2:3][!#1:4]	-120.004	1.95977	-	-	-	-	G
C41225839      none	B	[cH0:1][c:2]!@[CX4H1:3][CX4:4]	-55.6605	1.48348	-	-	-	-	O
C41225839      none	B	[*:1]~[CX4:2]!@[NX2:3]~[*:4]	149.996	1.57491	-	-	-	-	G
C01418793      none	B	[a:1][a:2]!@[NX3:3][!#1:4]	120.005	1.62057	-	-	-	-	O
C02566333      none	B	[aH0:1][c:2]([aH0])!@[SX2:3][!#1:4]	0.000598229	13.1253	-	-	-	-	G
C07725934      none	B	[aH0:1][c:2]([aH0])!@[SX2:3][!#1:4]	-119.992	1.95977	-	-	-	-	G
C07725934      none	B	[!#1:1][CX4:2]!@[SX2:3][!#1:4]	180	11.1654	-	-	-	-	G
C07725934      none	B	[a:1][c:2]!@[CX4H2:3][!#1:4]	90.314	7.24386	-	-	-	-	G
C07725934      none	B	[c:1][c:2]!@[c:3][s,o,nX3H1:4]	150.002	2.6253	-	-	-	-	G
C48841945      none	B	[cH0:1][c:2]!@[CX4H2:3][CX4:4]	90.2913	18.5823	-	-	-	-	G
C48841945      none	B	[a:1][a:2]!@[NX3:3][!#1:4]	180	11.4213	-	-	-	-	G
C48841945      none	B	[a:1][a:2]!@[NX3:3][!#1:4]	-29.7179	1.93298	-	-	-	-	O
C54758572      none	B	[O-:1][N+:2](=O)!@[c:3]([cH,nX2H0])[cH,nX2H0:4]	-179.984	23.2156	-	-	-	-	G
C54758572      none	B	[O:1]=[C:2]!@[NX3H0:3]([a:4])[A]	30.0303	0.827016	-	-	-	-	O
C54758572      none	B	[a:1][c:2]!@[C:3]([NH0])=[O:4]	120.279	4.19444	-	-	-	-	G
C49129774      none	B	[!#1:1][CH2:2]!@[n:3][cH0:4]	90.315	14.7896	-	-	-	-	G
C49129774      none	B	[aH0:1][c:2]([aH0])!@[SX2:3][!#1:4]	180	14.0278	-	-	-	-	G
C49129774      none	B	[!#1:1][CX4:2]!@[SX2:3][!#1:4]	-159.996	3.18377	-	-	-	-	G
C49129774      none	B	[a:1][c:2]!@[CX4H2:3][!#1:4]	-44.7057	1.62815	-	-	-	-	O
C54107473      none	B	[!#1:1][CX4:2]!@[CX4:3][!#1:4]	179.999	22.1548	-	-	-	-	G
C54107473      none	B	[a:1][c:2]!@[CX4H1:3][N,O:4]	-89.9989	1.29082	-	-	-	-	G
C54107473      none	B	[c:1][c:2]!@[c:3][s,o,nX3H1:4]	-29.5101	2.72579	-	-	-	-	G
C40269291      none	B	[a:1][c:2]!@[CX4H1:3][a:4]	-90.011	4.08085	-	-	-	-	G
C40269291      none	B	[a:1][c:2]!@[CX4H1:3][a:4]	-60	3.71511	-	-	-	-	G
C37036935      none	B	[a:1][c:2]!@[CX4H2:3][!#1:4]	135.004	1.69481	-	-	-	-	O
C37036935      none	B	[!#1:1][CX4:2]!@[SX2:3][!#1:4]	159.999	2.91722	-	-	-	-	G
C37036935      none	B	[aH0:1][c:2]([aH0])!@[SX2:3][!#1:4]	-150.005	0.43837	-	-	-	-	O
C07212834      none	B	[aH0:1][c:2]([aH1])!@[SX4:3][!#1:4]	179.987	1.4531	-	-	-	-	G
C39320314      none	B	[c:1][c:2]!@[c:3][s,o,nX3H1:4]	150.282	2.6253	-	-	-	-	G
C43537446      none	B	[a:1][a:2]!@[NX3:3][!#1:4]	-149.997	1.91104	-	-	-	-	O
C43537446      none	B	[cH1:1][c:2]([cH1])!@[NX3:3][a:4]	120.277	2.92279	-	-	-	-	G
C41045508      none	B	[cH1:1][c:2]([cH1])!@[NX3:3][CX4:4]	0.00268231	14.0646	-	-	-	-	G
C41045508      none	B	[cH1:1][c:2]([cH1])!@[O:3][c:4]	134.998	1.97792	-	-	-	-	G
C41045508      none	B	[aH0:1][c:2]!@[OX2:3][!#1:4]	0.00336438	2.68047	-	-	-	-	G
C61875314      none	B	[cH0:1][c:2]!@[CX4H2:3][a:4]	120.001	4.0412	-	-	-	-	G
C61875314      none	B	[a:1][c:2]!@[CX4H2:3][a:4]	0.341103	2.06767	-	-	-	-	O
C43679516      none	B	[a:1][c:2]!@[CX4H2:3][!#1:4]	-89.9987	7.30446	-	-	-	-	G
C43679516      none	B	[*:1][CX4:2]!@[O:3][CX4:4]	160	2.43188	-	-	-	-	G
C43679516      none	B	[C:1][CH2:2]!@[O:3][CX4:4]	-79.9999	1.18773	-	-	-	-	G
C43679516      none	B	[OX2:1][CX4:2]!@[CX4:3][OX2:4]	-156.648	0.511128	-	-	-	-	O
C35454325      none	B	[cH1:1][c:2]([cH0])!@[O:3][c:4]	59.9905	2.58065	-	-	-	-	G
C35454325      none	B	[aH0:1][c:2]!@[OX2:3][!#1:4]	89.9962	6.39603	-	-	-	-	G
C61812330      none	B	[a:1][c:2]!@[CX4H1:3][N,O:4]	119.992	3.12238	-	-	-	-	G
C61812330      none	B	[!#1:1][CX4H1:2]!@[NX3:3][!#1:4]	119.992	4.42569	-	-	-	-	O
C61812330      none	B	[cH1:1][c:2]([cH1])!@[NX3:3][CX4:4]	60.0026	1.23291	-	-	-	-	O
C41057073      none	B	[a:1][c:2]!@[CX4H1:3][H:4]	89.9962	0.477016	-	-	-	-	O
C41057073      none	B	[c:1][c:2]!@[c:3][s,o,nX3H1:4]	-29.7504	2.72579	-	-	-	-	G
C04341627      none	B	[aH0:1][c:2]([aH0])!@[SX2:3][!#1:4]	-89.9984	3.32646	-	-	-	-	G
C04341627      none	B	[cH1:1][a:2]([cH1])!@[a:3]([sX2,o,nX2H0,nX3H1:4])([cH0])	-179.721	3.0303	-	-	-	-	G
C40693319      none	B	[a:1][a:2]!@[CX3:3]=[CX3H1:4]	-59.9957	1.10784	-	-	-	-	O
C40693319      none	B	[*^2:1]~[C^2:2]([!H])!@[C^2:3]~[*^2:4]	-149.995	1.11601	-	-	-	-	G
C40693319      none	B	[O:1]=[CX3:2]!@[NX3H1:3][!#1:4]	-0.00928123	63.7893	-	-	-	-	G
C40693319      none	B	[$(C=O):1][NX3H1:2]!@[CX4H2:3][$([c]([cH,nX2H0])[cH,nX2H0]):4]	149.999	2.27848	-	-	-	-	G
C40693319      none	B	[a:1][c:2]!@[CX4H2:3][!#1:4]	-89.6866	7.30446	-	-	-	-	G
C61626643      none	B	[cH0:1][c:2]!@[CX4H2:3][N,O,S:4]	90.0038	7.74238	-	-	-	-	G
C61626643      none	B	[!#1:1][CX4H2:2]!@[NX3H1;"N_lp":3][!#1:4]	180	17.6883	-	-	-	-	G
C17445535      none	B	[O:1]=[CX3:2]!@[CX4H1r3:3][H:4]	-59.9987	0.666667	-	-	-	-	R
C17445535      none	B	[O:1]=[CX3:2]!@[NX3H1:3][!#1:4]	0.000421677	63.7893	-	-	-	-	G
C17445535      none	B	[*:1]~[NX3:2]!@[NX3:3]~[*:4]	-150.002	1.86361	-	-	-	-	G
C17445535      none	B	[O:1]=[CX3:2]!@[NX3H1:3][!#1:4]	-0.00399399	63.7893	-	-	-	-	G
C17445535      none	B	[s:1][c:2]!@[C:3]([NH1])=[O:4]	180	7.69231	-	-	-	-	R
C62167596      none	B	[cH1:1][c:2](cO)!@[O:3][C:4]	90.2803	0.310835	-	-	-	-	R
C62167596      none	B	[cH1:1][c:2]([cH1])!@[CX4H2:3][CX4:4]	-179.981	0.678532	-	-	-	-	R
C62167596      none	B	[!#1:1][CX4H2:2]!@[CX4H2:3][!#1:4]	179.998	58.554	-	-	-	-	G
C62167596      none	B	[!#1:1][CX4:2]!@[CX4:3][!#1:4]	180	22.1548	-	-	-	-	G
C62167596      none	B	[a:1][c:2]!@[CX4H1:3][N,O:4]	29.996	3.56196	-	-	-	-	G
C37689848      none	B	[a:1][c:2]!@[NX3H1:3][$([CX4r]([C;r])([C;r])):4]	-90.0023	0	-	-	-	-	R
C37689848      none	B	[!#1:1][CX4H1:2]!@[NX3:3][!#1:4]	-163.976	2.4687	-	-	-	-	G
C61848845      none	B	[cH1:1][c:2]([cH1])!@[NX3:3][a:4]	-60.0071	3.06346	-	-	-	-	G
C61848845      none	B	[cH1:1][c:2]([cH1])!@[NX3:3][a:4]	0.297812	2.17255	-	-	-	-	O
C61848845      none	B	[*:1]~[CX3:2]!@[cX3:3]~[*:4]	-60.0021	1.26106	-	-	-	-	O
C62431834      none	B	[a:1][c:2]!@[CX4H2:3][a:4]	-45.0051	1.95489	-	-	-	-	O
C62431834      none	B	[cH0:1][c:2]!@[CX4H2:3][a:4]	-179.697	3.96197	-	-	-	-	G
C62431834      none	B	[a:1][a:2]!@[CX3:3]=[O:4]	-0.00170034	15.3068	-	-	-	-	G
C62152487      none	B	[c:1][c:2]!@[c:3][s,o,nX3H1:4]	180	12.4984	-	-	-	-	G
C49781049      none	B	[a:1][a:2]!@[CX3:3]=[CX3H1:4]	20.0014	2.80466	-	-	-	-	G
C49781049      none	B	[CX3:1]=[CX3:2]!@[CH2:3][C:4]	149.995	0.780985	-	-	-	-	G
C49781049      none	B	[!#1:1][CX4H2:2]!@[CX4H2:3][!#1:4]	179.997	58.554	-	-	-	-	G
C61122460      none	B	[!#1:1][CX4H2:2]!@[CX4H2:3][!#1:4]	180	58.554	-	-	-	-	G
C61122460      none	B	[n,o,s:1][c:2]!@[CX4H2:3][CX4:4]	179.999	8.82573	-	-	-	-	G
C11633317      none	B	[!#1:1][CX4:2]!@[CX4:3][!#1:4]	60.2553	12.3771	-	-	-	-	G
CHEMBL1213915      none	B	[cH1:1][c:2]([cH1])!@[CX3:3]=[NX2:4]	-149.724	2.34391	-	-	-	-	G
CHEMBL1213915      none	B	[*:1]~[NX3:2]!@[NX2:3]~[*:4]	119.995	0.129503	-	-	-	-	R
CHEMBL1213915      none	B	[a:1][a:2]!@[NX3:3][!#1:4]	-179.685	11.4213	-	-	-	-	G
CHEMBL1213915      none	B	[cH1:1][c:2]!@[c:3]([cH1])[nX2H0:4]	30.2861	2.23708	-	-	-	-	O
CHEMBL1213915      none	B	[cH1:1][c:2]([cH1])!@[O:3][C:4]	0.00898256	26.3009	-	-	-	-	G
C49146690      none	B	[a:1][a:2]!@[NX3:3][!#1:4]	-0.00112534	10.9271	-	-	-	-	G
C49146690      none	B	[!#1:1][CX4H1:2]!@[NX3:3][!#1:4]	80.002	3.82417	-	-	-	-	G
C49146690      none	B	[!#1:1][CX4:2]!@[CX4:3][!#1:4]	-60.0002	12.2558	-	-	-	-	G
C49146690      none	B	[n,o,s:1][c:2]!@[CX4H2:3][CX4:4]	0.00253222	6.43231	-	-	-	-	G
C39575980      none	B	[cH0:1][c:2]([cH,nX2H0])!@[NX3H1:3][CX4:4]	-150.004	1.00143	-	-	-	-	O
C39575980      none	B	[!#1:1][CX4H1:2]!@[NX3:3][!#1:4]	-85.234	3.22537	-	-	-	-	G
C00109225      none	B	[a:1][c:2]!@[CX3:3]=[CX3H0:4]	-59.6716	3.49737	-	-	-	-	G
C00109225      none	B	[aH1:1][c:2]([aH0])!@[SX2:3][!#1:4]	-119.999	0.466926	-	-	-	-	O
C16855753      none	B	[a:1][a:2]!@[CX3:3]=[CX3H1:4]	-150.001	2.20165	-	-	-	-	G
C16855753      none	B	[a:1][a:2]!@[CX3:3]=[CX3H1:4]	120.276	1.12887	-	-	-	-	O
CHEMBL1213841      none	B	[cH1:1][c:2]([cH1])!@[O:3][C:4]	-179.73	26.896	-	-	-	-	G
CHEMBL1213841      none	B	[cH1:1][c:2]!@[c:3]([cH1])[nX2H0:4]	-0.00792457	25.7136	-	-	-	-	G
CHEMBL1213841      none	B	[a:1][a:2]!@[NX3:3][!#1:4]	-29.9979	1.93298	-	-	-	-	O
CHEMBL1213841      none	B	[*:1]~[NX3:2]!@[NX2:3]~[*:4]	180	29.4914	-	-	-	-	G
C61629881      none	B	[a:1][a:2]!@[NX3:3][!#1:4]	-59.9975	1.73028	-	-	-	-	O
C61629881      none	B	[a:1][c:2]!@[CX4H1:3][H:4]	-149.998	3.82796	-	-	-	-	G
C04352506      none	B	[O:1]=[C:2]!@[O:3]~[C:4]	0.00497491	74.4927	-	-	-	-	G
C04352506      none	B	[*^2:1]~[C^2:2]([!H])!@[C^2:3]~[*^2:4]	-149.694	1.11601	-	-	-	-	O
C04352506      none	B	[$(C=O):1][NX3H0:2]!@[c:3]([cH1])[cH1:4]	-30.0037	1.1203	-	-	-	-	G
CHEMBL414637      none	B	[cH1:1][c:2]([cH1])!@[O:3][C:4]	2.71888e-05	26.3009	-	-	-	-	G
CHEMBL414637      none	B	[C:1][CX4H2:2]!@[OX2:3][c:4]	180	43.8829	-	-	-	-	G
CHEMBL414637      none	B	[!#1:1][CX4H2:2]!@[CX4H2:3][!#1:4]	-60.0022	3.77933	-	-	-	-	G
CHEMBL414637      none	B	[!#1:1][CX4H2:2]!@[CX4H2:3][!#1:4]	179.995	58.554	-	-	-	-	G
C05669802      none	B	[aH0:1][c:2]([aH0])!@[SX2:3][!#1:4]	119.999	1.75348	-	-	-	-	G
C05669802      none	B	[aH1:1][c:2]([aH0])!@[SX2:3][*R:4]	-29.9983	1.53061	-	-	-	-	O
C05669802      none	B	[a:1][a:2]!@[CX3:3]=[O:4]	0.00948869	15.3068	-	-	-	-	G
C43680015      none	B	[cH0:1][c:2]!@[CX4H2:3][N,O,S:4]	134.935	0.685166	-	-	-	-	G
C43680015      none	B	[*:1][CX4:2]!@[O:3][CX4:4]	-160	2.38538	-	-	-	-	G
C43680015      none	B	[C:1][CH2:2]!@[O:3][CX4:4]	180	35.2689	-	-	-	-	G
C43680015      none	B	[!#1:1][CX4:2]!@[CX4:3][!#1:4]	-157.331	1.85018	-	-	-	-	G
C50368745      none	B	[H:1][CX4H1:2]!@[O:3][CX4:4]	40.0053	11.9906	-	-	-	-	G
C50368745      none	B	[!#1:1][CX4H1:2]!@[NX3:3][!#1:4]	-150.005	2.59662	-	-	-	-	G
C50368745      none	B	[a:1][c:2]!@[NX3H1:3][$([CX4r]([C;r])([C;r])):4]	60.2793	1.13636	-	-	-	-	R
C39575981      none	B	[cH0:1][c:2]([cH,nX2H0])!@[NX3H1:3][CX4:4]	120.001	0	-	-	-	-	R
C39575981      none	B	[!#1:1][CX4H1:2]!@[NX3:3][!#1:4]	65.232	5.52259	-	-	-	-	G
C28093070      none	B	[c:1][c:2]!@[c:3][s,o,nX3H1:4]	180	12.4984	-	-	-	-	G
C28093070      none	B	[*:1]~[cX3:2]!@[NX2:3]~[*:4]	150.002	1.9358	-	-	-	-	O
C16951633      none	-	-	-	-	-	-	-	-	-
C42143749      none	B	[aH1:1][c:2]([aH1])!@[SX2:3][!#1:4]	0.00533399	4.86305	-	-	-	-	G
C42143749      none	B	[aH1:1][c:2]([aH0])!@[SX2:3][*R:4]	-60.0046	0.765306	-	-	-	-	O
C40570707      none	B	[!#1:1][CH2:2]!@[n:3][cH0:4]	-90.0003	15.4696	-	-	-	-	G
C40570707      none	B	[cH1:1][c:2]([cH0])!@[CX3x0:3]=[NX2:4]	0.00674085	6.02623	-	-	-	-	G
C40570707      none	B	[*:1]~[cX3:2]!@[NX2:3]~[*:4]	-59.7302	1.53044	-	-	-	-	O
C40570707      none	B	[cH1:1][c:2]([cH1])!@[CX3:3]=[O:4]	0.00375851	14.2319	-	-	-	-	G
C65356661      none	B	[aH1:1][c:2]([aH0])!@[SX2:3][!#1:4]	-0.00121649	22.2568	-	-	-	-	G
C31054890      none	B	[a:1][c:2]!@[CX4H2:3][!#1:4]	89.9982	7.24386	-	-	-	-	G
C31054890      none	B	[!#1:1][CX4:2]!@[SX2:3][!#1:4]	79.9983	6.41197	-	-	-	-	G
C31054890      none	B	[aH0:1][c:2]([aH0])!@[SX2:3][!#1:4]	-59.9928	1.39247	-	-	-	-	G
C46703245      none	B	[c:1][c:2]!@[c:3][s,o,nX3H1:4]	-179.732	12.4984	-	-	-	-	G
C62354581      none	B	[cH0:1][c:2]([cH1])!@[CX3:3]=[O:4]	30.0081	2.80144	-	-	-	-	G
C62354581      none	B	[a:1][a:2]!@[CX3:3]=[O:4]	120.286	0.855256	-	-	-	-	O
C65149560      none	B	[cH1:1][a:2]([cH1])!@[a:3]([sX2,o,nX2H0,nX3H1:4])	-179.69	10.6726	-	-	-	-	G
C65149560      none	B	[a:1][c:2]!@[CX4H2:3][a:4]	135.002	1.80451	-	-	-	-	O
C65149560      none	B	[a:1][c:2]!@[CX4H2:3][a:4]	-89.7352	5.18797	-	-	-	-	G
C37132320      none	B	[cH0:1][c:2]([cH,nX2H0])!@[NX3H1:3][CX4:4]	160	3.7196	-	-	-	-	O
C37132320      none	B	[!#1:1][CX4H2:2]!@[NX3H1:3][!#1:4]	150.003	1.87295	-	-	-	-	O
C37132320      none	B	[a:1][c:2]!@[CX4H2:3][!#1:4]	-179.69	2.35335	-	-	-	-	O
C33426849      none	B	[a:1][c:2]!@[CX4H1:3][a:4]	119.998	3.30125	-	-	-	-	G
C33426849      none	B	[*:1]~[CX4:2]!@[n:3]~[*:4]	-0.00166787	3.06862	-	-	-	-	G
C51849179      none	B	[cH1:1][c:2]([cH0])!@[NX3:3][a:4]	150.273	0	-	-	-	-	R
C51849179      none	B	[a:1][a:2]!@[NX3:3][!#1:4]	150.283	1.85775	-	-	-	-	O
C20518181      none	B	[cH0:1][c:2]!@[CX4H2:3][N,O,S:4]	-45.0058	1.84995	-	-	-	-	G
C20518181      none	B	[*:1][CX4:2]!@[O:3][CX4:4]	-159.996	2.38538	-	-	-	-	G
C20518181      none	B	[C:1][CH2:2]!@[O:3][CX4:4]	-159.998	4.55295	-	-	-	-	G
C20518181      none	B	[!#1:1][CX4:2]!@[CX4:3][!#1:4]	-40.0022	0.976141	-	-	-	-	G
C20518181      none	B	[!#1:1][CX4:2]!@[CX4:3][!#1:4]	60.0065	12.3771	-	-	-	-	G
C54186553      none	B	[cH0:1][c:2]([cH,nX2H0])!@[NX3H1:3][CX4:4]	119.715	0	-	-	-	-	R
C54186553      none	B	[O-:1][N+:2](=O)!@[c:3]([cH,nX2H0])[cH,nX2H0:4]	179.982	23.2156	-	-	-	-	G
C54186553      none	B	[cH0:1][c:2]!@[CX4H2:3][N,O,S:4]	-90.0071	7.87941	-	-	-	-	G
C54186553      none	B	[!#1:1][CX4:2]!@[SX2:3][!#1:4]	-160.004	3.18377	-	-	-	-	G
C54186553      none	B	[aH1:1][c:2]([aH1])!@[SX2:3][!#1:4]	60.2678	2.51537	-	-	-	-	G
C42477741      none	B	[n,o,s:1][c:2]!@[CX4H2:3][CX4:4]	90.0051	4.03889	-	-	-	-	G
C42477741      none	B	[aH0:1][c:2]!@[OX2:3][!#1:4]	45.0027	0.303449	-	-	-	-	R
C42477741      none	B	[cH1:1][c:2]([cH1])!@[O:3][c:4]	135.267	1.83993	-	-	-	-	G
C16090196      none	B	[cH1:1][c:2]([cH0])!@[O:3][S:4]	59.9897	2.57732	-	-	-	-	G
C16090196      none	B	[O-:1][N+:2](=O)!@[c:3]([cH0])[cH,nX2H0:4]	-0.0462038	12.6374	-	-	-	-	G
C16090196      none	B	[*:1]~[OX2:2]!@[SX4:3]~[*:4]	-59.9959	3.39897	-	-	-	-	G
C16090196      none	B	[aH0:1][c:2]([aH1])!@[SX4:3][!#1:4]	-90.2719	5.01982	-	-	-	-	O
C61669677      none	B	[cH0:1][c:2]([cH1])!@[O:3][C:4]	180	48.7454	-	-	-	-	G
C61669677      none	B	[c:1][c:2]!@[c:3][s,o,nX3H1:4]	180	12.4984	-	-	-	-	G
CHEMBL573301      none	B	[*:1]~[CX4:2]!@[NX4:3]~[*:4]	179.999	15.0612	-	-	-	-	G
CHEMBL573301      none	B	[cH0:1][c:2]!@[CX4H2:3][N,O,S:4]	-89.9989	7.87941	-	-	-	-	G
CHEMBL573301      none	B	[cH1:1][c:2]([cH1])!@[O:3][C:4]	90.0111	0.460429	-	-	-	-	R
CHEMBL573301      none	B	[c:1][CX4H2:2]!@[OX2:3][c:4]	-150.002	1.12166	-	-	-	-	R
CHEMBL573301      none	B	[a:1][c:2]!@[CX4H2:3][!#1:4]	-134.717	2.0362	-	-	-	-	O
C43537443      none	B	[cH1:1][c:2]([cH0])!@[NX3:3][a:4]	30.2732	5.36829	-	-	-	-	G
C43537443      none	B	[a:1][a:2]!@[NX3:3][!#1:4]	120.272	1.62057	-	-	-	-	O
C43387452      none	B	[c:1][c:2]!@[c:3][s,o,nX3H1:4]	0.00470322	17.837	-	-	-	-	G
C43387452      none	B	[cH1:1][a:2]([cH1])!@[a:3]([sX2,o,nX2H0,nX3H1:4])	-179.731	10.6726	-	-	-	-	G
C40712422      none	B	[aH0:1][c:2]([aH0])!@[SX2:3][!#1:4]	-59.9989	1.39247	-	-	-	-	G
C40712422      none	B	[aH1:1][c:2]([aH0])!@[SX2:3][*R:4]	0.00218515	13.5204	-	-	-	-	G
C35163659      none	B	[cH0:1][c:2]([cH1])!@[O:3][C:4]	-120.02	0.327297	-	-	-	-	R
C35163659      none	B	[c:1][CX4H2:2]!@[OX2:3][c:4]	150.002	1.03538	-	-	-	-	R
C35163659      none	B	[cH0:1][c:2]!@[CX4H2:3][N,O,S:4]	90.2832	7.74238	-	-	-	-	G
C49812206      none	B	[c:1][c:2]!@[c:3][s,o,nX3H1:4]	-0.00361369	17.837	-	-	-	-	G
C41596236      none	B	[cH0:1][c:2]([cH1])!@[NX3H1:3][C,c:4]	-59.9928	0.843882	-	-	-	-	G
C41596236      none	B	[a:1][a:2]!@[NX3:3][!#1:4]	0.262185	10.9271	-	-	-	-	G
C00135672      none	B	[aH0:1][c:2]([aH0])!@[SX2:3][!#1:4]	60.0031	2.01135	-	-	-	-	G
C00135672      none	B	[*:1]~[cX3:2]!@[NX2:3]~[*:4]	120.002	1.45599	-	-	-	-	O
C00135672      none	B	[cH1:1][c:2]([cH1])!@[CX3:3]=[NX2:4]	-179.731	13.9437	-	-	-	-	G
CHEMBL276915      none	B	[c:1][c:2]!@[c:3][s,o,nX3H1:4]	-60.0083	0.590378	-	-	-	-	O
C38719546      none	B	[c:1][c:2]!@[c:3][s,o,nX3H1:4]	-29.7471	2.72579	-	-	-	-	G
C38719546      none	B	[aH1:1][c:2]([aH0])!@[SX2:3][!#1:4]	-60.0011	1.08949	-	-	-	-	O
C38719546      none	B	[!#1:1][CX4:2]!@[SX2:3][!#1:4]	179.994	11.1654	-	-	-	-	G
C38719546      none	B	[!#1:1][CX4H2:2]!@[CX3:3]=[O:4]	150.002	0.887211	-	-	-	-	O
C38719546      none	B	[O:1]=[CX3:2]!@[NX3H1:3][!#1:4]	0.000568142	63.7893	-	-	-	-	G
C49422762      none	B	[H:1][CX4H1:2]!@[OX2:3][!#1:4]	-29.9975	9.1924	-	-	-	-	G
C49422762      none	B	[cH1,n:1][c:2]!@[O:3][CH1:4]	-0.00239848	16.8932	-	-	-	-	G
C49422762      none	B	[aH0:1][c:2]([aH0])!@[SX2:3][!#1:4]	-29.9921	0.51573	-	-	-	-	O
C49422762      none	B	[!#1:1][CX4:2]!@[SX2:3][!#1:4]	149.997	1.40678	-	-	-	-	G
C49422762      none	B	[!#1:1][CX4H2:2]!@[CX3:3]=[O:4]	-59.9958	1.45352	-	-	-	-	G
C49422762      none	B	[O:1]=[CX3:2]!@[NX3H0:3][!#1:4]	-150.005	1.37927	-	-	-	-	O
C49422762      none	B	[$(C=O):1][NX3H0:2]!@[CX4H0:3][C:4]	60.0073	11.4865	-	-	-	-	G
C03524009      none	B	[$(C=O):1][NX3H1:2]!@[c:3](s)[n:4]	179.993	66.092	-	-	-	-	G
C03524009      none	B	[O:1]=[CX3:2]!@[NX3H1:3][!#1:4]	-0.00106554	63.7893	-	-	-	-	G
C03524009      none	B	[C:1][CX4:2]!@[CX3:3]=[O:4]	48.6886	2.1428	-	-	-	-	G
C40261230      none	B	[cH0:1][c:2]!@[CX4H1:3][a:4]	90.001	4.46981	-	-	-	-	G
C40261230      none	B	[a:1][c:2]!@[CX4H1:3][N,O:4]	89.9992	1.22453	-	-	-	-	G
C36973113      none	B	[cH1:1][c:2]([cH1])!@[NX3:3][CX4:4]	-150.002	1.27312	-	-	-	-	O
C36973113      none	B	[!#1:1][CX4H1:2]!@[NX3:3][!#1:4]	162.594	3.23353	-	-	-	-	G
C36164778      none	B	[c:1][c:2]!@[c:3][s,o,nX3H1:4]	-60.0058	0.590378	-	-	-	-	O
C37104486      none	B	[cH0:1][c:2]!@[CX4H2:3][CX4:4]	179.996	4.40506	-	-	-	-	R
C37104486      none	B	[cH1:1][c:2]([cH1])!@[NX3:3][CX4:4]	0.00299999	14.0646	-	-	-	-	G
C37104486      none	B	[O-:1][N+:2](=O)!@[c:3]([cH0])[cH,nX2H0:4]	0.231272	12.6374	-	-	-	-	G
C37104486      none	B	[!#1:1][CX4H1:2]!@[NX3:3][!#1:4]	-79.9971	4.33043	-	-	-	-	G
C37104486      none	B	[a:1][c:2]!@[CX4H1:3][N,O:4]	-59.9995	3.48172	-	-	-	-	G
C01873858      none	B	[c:1][c:2]!@[c:3][s,o,nX3H1:4]	-29.7339	2.72579	-	-	-	-	G
C35698042      none	B	[cH0:1][c:2]!@[CX4H2:3][CX4:4]	44.9975	0	-	-	-	-	R
C35698042      none	B	[!#1:1][CX4H2:2]!@[CX4H2:3][!#1:4]	179.999	58.554	-	-	-	-	G
C35698042      none	B	[!#1:1][CH2:2]!@[n:3][cH0:4]	90.2816	14.7896	-	-	-	-	G
C37010440      none	B	[!#1:1][CX4:2]!@[CX4:3][!#1:4]	-59.9995	12.2558	-	-	-	-	G
C37010440      none	B	[a:1][c:2]!@[CX4H1:3][N,O:4]	-150.003	3.72593	-	-	-	-	G
C37010440      none	B	[!#1:1][CX4H1:2]!@[NX3:3][!#1:4]	-39.9957	0.726728	-	-	-	-	G
C37010440      none	B	[O-:1][N+:2](=O)!@[c:3]([cH,nX2H0])[cH,nX2H0:4]	-179.833	23.2156	-	-	-	-	G
C37010440      none	B	[cH1:1][c:2]([cH1])!@[NX3:3][CX4:4]	-60.0033	1.1056	-	-	-	-	O
C37550318      none	B	[$(C=O):1][NX3:2]!@[a:3][aH0:4]	120.001	2.43553	-	-	-	-	G
C37550318      none	B	[O:1]=[CX3:2]!@[NX3H1:3][!#1:4]	0.00793781	63.7893	-	-	-	-	G
C37550318      none	B	[O:1]=[CX3:2]!@[CX4H1r3:3][H:4]	89.9913	0.166667	-	-	-	-	R
C37550318      none	B	[!#1:1][CX4H2:2]!@[CX4H2:3][!#1:4]	179.999	58.554	-	-	-	-	G
C07573058      none	B	[$(C=O):1][NX3H1:2]!@[CX4H0:3][C:4]	60.0001	13.3187	-	-	-	-	G
C07573058      none	B	[O:1]=[CX3:2]([$([NX3H1]C)])!@[NX3H1:3][!#1:4]	-0.00574479	41.1343	-	-	-	-	G
C07573058      none	B	[O,S:1]=[C:2]([$([NX3H1]),$([NX3H2])])!@[$([NX3]c[nH0]):3][H:4]	179.988	19.9219	-	-	-	-	G
C07573058      none	B	[$(C=O):1][NX3H1:2]!@[c:3](s)[n:4]	-179.682	66.092	-	-	-	-	G
C07573058      none	B	[aH0:1][c:2]([aH0])!@[SX2:3][!#1:4]	60.0033	2.01135	-	-	-	-	G
C07573058      none	B	[!#1:1][CX4:2]!@[SX2:3][!#1:4]	-79.9974	6.01214	-	-	-	-	G
C07573058      none	B	[a:1][c:2]!@[CX4H2:3][!#1:4]	-89.7221	7.30446	-	-	-	-	G
C03275930      none	B	[cH1:1][c:2]([cH0])!@[CX3x0:3]=[NX2:4]	0.00383008	6.02623	-	-	-	-	G
C03275930      none	B	[cH1,n:1][c:2]!@[O:3][CH1:4]	89.9722	0.0970874	-	-	-	-	R
C03275930      none	B	[cH1,n:1][c:2]!@[O:3][CH1:4]	149.998	1.26214	-	-	-	-	G
C03275930      none	B	[H:1][CX4H1:2]!@[OX2:3][!#1:4]	-29.9982	9.1924	-	-	-	-	G
C03275930      none	B	[H:1][CX4H1:2]!@[OX2:3][!#1:4]	-0.000654727	7.47259	-	-	-	-	G
C03275930      none	B	[*:1]~[NX2:2]!@[nX3:3]~[*:4]	150.318	1.75781	-	-	-	-	G
C02182621      none	B	[aH1:1][c:2]([aH1])!@[SX4:3][!#1:4]	90.0035	12.916	-	-	-	-	G
C02182621      none	B	[*:1]~[OX2:2]!@[SX4:3]~[*:4]	159.995	2.391	-	-	-	-	G
C02182621      none	B	[cH1:1][c:2]([cH0])!@[O:3][S:4]	60.0007	2.57732	-	-	-	-	G
C54159642      none	B	[*:1]~[CX4:2]!@[NX4:3]~[*:4]	59.9987	15.3058	-	-	-	-	G
C54159642      none	B	[*:1]~[CX4:2]!@[NX4:3]~[*:4]	-40.0069	2.20693	-	-	-	-	G
C54159642      none	B	[a:1][c:2]!@[CX4H1:3][N,O:4]	30.004	3.56196	-	-	-	-	G
C54159642      none	B	[c:1][c:2]!@[c:3][s,o,nX3H1:4]	160.536	3.02726	-	-	-	-	G
C62529521      none	B	[a:1][c:2]!@[CX4H1:3][H:4]	-85.6623	0.504612	-	-	-	-	O
CHEMBL130217      none	B	[*^2:1]~[C^2:2]([!H])!@[C^2:3]~[*^2:4]	120.003	0.806964	-	-	-	-	G
C52212897      none	B	[*:1]~[CX4:2]!@[n:3]~[*:4]	-52.5018	2.67193	-	-	-	-	G
C20358035      none	B	[cH1:1][a:2]([cH1])!@[a:3]([cH1])[cH0:4]	-59.9987	6.36499	-	-	-	-	G
C40232772      none	B	[$(C=O):1][NX3H1:2]!@[CX4H1:3][H:4]	29.9973	9.46757	-	-	-	-	G
C40232772      none	B	[O:1]=[CX3:2]!@[NX3H1:3][!#1:4]	-0.0021164	63.7893	-	-	-	-	G
C40232772      none	B	[s:1][c:2]!@[C:3]([NH1])=[O:4]	0.00766067	23.0769	-	-	-	-	G
C40232772      none	B	[!#1:1][CX4H2:2]!@[CX4H2:3][!#1:4]	60.0014	3.99483	-	-	-	-	G
C35379483      none	B	[cH0:1][c:2]([cH1])!@[CX3:3]=[O:4]	59.9939	1.40891	-	-	-	-	O
C35379483      none	B	[$([cH0](F)):1][c:2]([cH1])!@[CX3:3](a)=[O:4]	-89.9955	0	-	-	-	-	G
C53647995      none	B	[cH1:1][a:2]([cH1])!@[a:3]([sX2,o,nX2H0,nX3H1:4])([cH1])	180	11.5003	-	-	-	-	G
C53647995      none	B	[a:1][a:2]!@[CX3:3]=[O:4]	-89.9978	0.672614	-	-	-	-	R
C08921705      none	B	[c:1][c:2]!@[c:3][s,o,nX3H1:4]	-150.003	2.47456	-	-	-	-	G
C08921705      none	B	[O-:1][N+:2](=O)!@[c:3]([cH,nX2H0])[cH,nX2H0:4]	180	23.2156	-	-	-	-	G
C08921705      none	B	[a:1][c:2]!@[C:3]([NH0])=[O:4]	-119.999	3.91667	-	-	-	-	G
C08921705      none	B	[O:1]=[CX3:2](a)!@[NX3H0:3][!#1:4]	-179.679	9.67842	-	-	-	-	G
C19913292      none	B	[a:1][c:2]!@[NX3H1:3][$([CX4r]([C;r])([C;r])):4]	0.00122349	14.4886	-	-	-	-	G
C19913292      none	B	[!#1:1][CX4H1:2]!@[NX3:3][!#1:4]	-78.0959	4.33043	-	-	-	-	G
C43168699      none	B	[a:1][a:2]!@[NX3:3][!#1:4]	180	11.4213	-	-	-	-	G
C43168699      none	B	[c:1][c:2]!@[c:3][s,o,nX3H1:4]	0.00345031	17.837	-	-	-	-	G
C51361763      none	B	[cH1:1][c:2]([cH1])!@[CX3:3]=[O:4]	-29.9942	3.22841	-	-	-	-	G
C51361763      none	B	[C:1][CX4H2:2]!@[CX3:3]=[O:4]	-60.0115	2.08575	-	-	-	-	O
C51361763      none	B	[!#1:1][CX4:2]!@[CX4:3][!#1:4]	-162.329	1.85018	-	-	-	-	G
C48923440      none	B	[!#1:1][CX4:2]!@[CX4:3][!#1:4]	60.0078	12.3771	-	-	-	-	G
C48923440      none	B	[!#1:1][CX4H2:2]!@[CX4H2:3][!#1:4]	180	58.554	-	-	-	-	G
C48923440      none	B	[*:1]~[CX4:2]!@[NX4:3]~[*:4]	-40.0038	2.20693	-	-	-	-	G
C48923440      none	B	[*:1]~[CX4:2]!@[NX4:3]~[*:4]	-80.0041	2.10499	-	-	-	-	G
C48923440      none	B	[NH1:1][CX4:2]!@[CX3:3]=[O:4]	-0.0022556	6.89233	-	-	-	-	G
C48923440      none	B	[cH1:1][c:2]([cH1])!@[CX3:3]=[O:4]	30.2756	3.1746	-	-	-	-	O
C48923440      none	B	[cH0:1][c:2]([cH1])!@[O:3][C:4]	90.0003	0.6255	-	-	-	-	R
C07550303      none	B	[c:1][c:2]!@[c:3][s,o,nX3H1:4]	180	12.4984	-	-	-	-	G
C07550303      none	B	[a:1][c:2]!@[CX4H2:3][!#1:4]	-135.005	1.61199	-	-	-	-	O
C07550303      none	B	[!#1:1][CX4:2]!@[SX2:3][!#1:4]	-79.9978	6.01214	-	-	-	-	G
C07550303      none	B	[aH0:1][c:2]([aH0])!@[SX2:3][!#1:4]	119.998	1.75348	-	-	-	-	G
C32876594      none	B	[aH0:1][c:2]([aH0])!@[SX2:3][!#1:4]	-59.9995	1.39247	-	-	-	-	G
C32876594      none	B	[aH1:1][c:2]([aH0])!@[SX2:3][*R:4]	-149.997	0.510204	-	-	-	-	R
C54964330      none	B	[cH0:1][c:2]!@[CX4H2:3][N,O,S:4]	-135	0.856458	-	-	-	-	G
C54964330      none	B	[!#1:1][CX4:2]!@[SX2:3][!#1:4]	159.996	2.91722	-	-	-	-	G
C54964330      none	B	[aH1:1][c:2]([aH1])!@[SX2:3][!#1:4]	-89.725	4.47177	-	-	-	-	G
C54964330      none	B	[$([cH0]!@[*^2]):1][c:2]([cH1])!@[CX3:3]=[O:4]	179.994	12.7363	-	-	-	-	G
C54964330      none	B	[O:1]=[C:2]!@[O:3]~[C:4]	-0.000974228	74.4927	-	-	-	-	G
C19845636      none	B	[aH1:1][c:2]([aH1])!@[SX2:3][!#1:4]	-0.00458516	4.86305	-	-	-	-	G
C19845636      none	B	[aH1:1][c:2]([aH0])!@[SX2:3][*R:4]	-59.9963	0.765306	-	-	-	-	O
C67353304      none	B	[aH0:1][c:2]([aH0])!@[SX4:3][!#1:4]	-59.999	1.81564	-	-	-	-	G
C67353304      none	B	[$(C=O):1][NX3H1:2]!@[c:3]([cH1])[cH1:4]	-60.033	0.241643	-	-	-	-	R
C67353304      none	B	[O:1]=[CX3:2]!@[NX3H1:3][!#1:4]	30.0076	0.0707142	-	-	-	-	O
C67353304      none	B	[O:1]=[CX3:2]!@[NX3H0:3][!#1:4]	-179.723	18.2537	-	-	-	-	G
C67353304      none	B	[!#1:1][CX4:2]!@[CX4:3][!#1:4]	180	22.1548	-	-	-	-	G
C37689736      none	B	[aH1:1][c:2]([aH1])!@[SX2:3][!#1:4]	0.00207307	4.86305	-	-	-	-	G
C37689736      none	B	[a:1][c:2]!@[NX3H1:3][$([CX4r]([C;r])([C;r])):4]	-90.0027	0	-	-	-	-	R
C37689736      none	B	[!#1:1][CX4H1:2]!@[NX3:3][!#1:4]	-61.753	6.546	-	-	-	-	G
C36784885      none	B	[c:1][c:2]!@[c:3][s,o,nX3H1:4]	-0.00295905	17.837	-	-	-	-	G
C36784885      none	B	[a:1][c:2]!@[CX4H2:3][!#1:4]	-90.0062	7.30446	-	-	-	-	G
C36784885      none	B	[c:1][CX4H2:2]!@[OX2:3][C:4]	-119.992	0.555556	-	-	-	-	G
C36784885      none	B	[O:1]=[C:2]!@[O:3]~[C:4]	-30.0082	0.0890388	-	-	-	-	R
C36784885      none	B	[C:1][CX4H2:2]!@[CX3:3]=[O:4]	-89.9863	1.15875	-	-	-	-	O
C36784885      none	B	[!#1:1][CX4:2]!@[CX4:3][!#1:4]	78.566	1.75235	-	-	-	-	G
C06774401      none	B	[n,o,s:1][c:2]!@[CX4H2:3][CX4:4]	90.2744	4.03889	-	-	-	-	G
C06774401      none	B	[cH0:1][c:2]([cH,nX2H0])!@[NX3H1:3][CX4:4]	179.993	49.7854	-	-	-	-	G
C06774401      none	B	[!#1:1][CX4H2:2]!@[NX3H1:3][!#1:4]	90.0017	6.33327	-	-	-	-	G
C02802739      none	B	[c:1][c:2]!@[c:3][s,o,nX3H1:4]	30.542	2.54993	-	-	-	-	G
C02802739      none	B	[a:1][c:2]!@[CX4H1:3][H:4]	89.9998	0.477016	-	-	-	-	O
C58394206      none	B	[aH0:1][c:2]!@[OX2:3][!#1:4]	-89.9955	6.47358	-	-	-	-	G
C58394206      none	B	[cH1:1][c:2]([cH1])!@[O:3][c:4]	-179.722	4.27783	-	-	-	-	G
C58394206      none	B	[cH1:1][c:2]([cH1])!@[O:3][c:4]	134.999	1.97792	-	-	-	-	G
C58394206      none	B	[aH0:1][c:2]!@[OX2:3][!#1:4]	-179.717	24.9334	-	-	-	-	G
CHEMBL544509      none	B	[a:1][a:2]!@[CX3:3]=[CX3H1:4]	-30.0018	2.14556	-	-	-	-	G
CHEMBL544509      none	B	[CX3:1]=[CX3:2]!@[CH2:3][!#1:4]	-59.9982	0.19088	-	-	-	-	R
C02142244      none	B	[cH1:1][c:2]([cH0])!@[O:3][S:4]	59.9503	2.57732	-	-	-	-	G
C02142244      none	B	[*:1]~[OX2:2]!@[SX4:3]~[*:4]	-80.0018	4.57103	-	-	-	-	G
C02142244      none	B	[aH0:1][c:2]([aH1])!@[SX4:3][!#1:4]	-70.3328	15.3236	-	-	-	-	G
C13534843      none	B	[cH1:1][c:2]([cH0])!@[CX3x0:3]=[NX2:4]	-179.395	58.419	-	-	-	-	G
C13534843      none	B	[*:1]~[CX4:2]!@[NX2:3]~[*:4]	150.007	1.57491	-	-	-	-	G
C13534843      none	B	[a:1][c:2]!@[CX4H2:3][!#1:4]	150.278	1.43221	-	-	-	-	O
C25665091      none	B	[aH1:1][c:2]([aH0])!@[SX2:3][*R:4]	-59.726	0.765306	-	-	-	-	R
C25665091      none	B	[aH1:1][c:2]([aH0])!@[SX2:3][*R:4]	30.0014	3.82653	-	-	-	-	O
C48356854      none	B	[c:1][c:2]!@[c:3][s,o,nX3H1:4]	-179.694	12.4984	-	-	-	-	G
C54700979      none	B	[aH0:1][c:2]!@[OX2:3][!#1:4]	-134.984	0.724906	-	-	-	-	R
C54700979      none	B	[cH1:1][c:2]([cH1])!@[O:3][c:4]	-89.7328	3.72585	-	-	-	-	G
C50288979      none	B	[cH1:1][c:2]([cH1])!@[CX4H2:3][CX4:4]	-0.00517265	0.634038	-	-	-	-	R
C50288979      none	B	[$(C=O):1][NX3H1:2]!@[c:3](s)[n:4]	0.000894708	0.574713	-	-	-	-	R
C50288979      none	B	[O:1]=[CX3:2]!@[NX3H1:3][!#1:4]	-0.00116335	63.7893	-	-	-	-	G
C50288979      none	B	[*^2:1]~[C^2:2]([!H])!@[C^2:3]~[*^2:4]	-30.0082	1.21216	-	-	-	-	G
C50288979      none	B	[a:1][a:2]!@[CX3:3]=[CX3H1:4]	-179.707	13.7638	-	-	-	-	G
C60370849      none	B	[!#1:1][CH2:2]!@[n:3][cH0:4]	90.312	14.7896	-	-	-	-	G
C60370849      none	B	[a:1][a:2]!@[CX3:3]=[CX3H1:4]	-60.0082	1.10784	-	-	-	-	O
C60370849      none	B	[a:1][a:2]!@[CX3:3]=[CX3H1:4]	0.338106	13.6236	-	-	-	-	G
C01573712      none	B	[CX3:1]=[CX3:2]!@[CH2:3][!#1:4]	120.003	8.78049	-	-	-	-	G
C01573712      none	B	[!#1:1][CX4:2]!@[SX2:3][!#1:4]	179.996	11.1654	-	-	-	-	G
C01573712      none	B	[aH0:1][c:2]([aH0])!@[SX2:3][!#1:4]	-149.999	0.43837	-	-	-	-	O
C01573712      none	B	[$(C=O):1][NX3H0:2]!@[c:3]([cH1])[cH1:4]	-59.7258	5.10169	-	-	-	-	G
C34926743      none	B	[a:1][c:2]!@[CX3:3]=[CX3H0:4]	90.0039	1.52036	-	-	-	-	G
C34926743      none	B	[!#1:1][CX4:2]!@[CX3H0:3][!#1:4]	90.0028	2.78327	-	-	-	-	G
C19772638      none	-	-	-	-	-	-	-	-	-
C45237531      none	B	[!#1:1][CX4H2:2]!@[CX4H2:3][!#1:4]	59.999	3.99483	-	-	-	-	G
C45237531      none	B	[!#1:1][CX4H2:2]!@[CX4H2:3][!#1:4]	180	58.554	-	-	-	-	G
C45237531      none	B	[!#1:1][CX4H2:2]!@[CX4H2:3][!#1:4]	179.996	58.554	-	-	-	-	G
C45237531      none	B	[n,o,s:1][c:2]!@[CX4H2:3][CX4:4]	-44.6702	0.972326	-	-	-	-	O
C65339116      none	B	[c:1][c:2]!@[c:3][s,o,nX3H1:4]	-179.74	12.4984	-	-	-	-	G
C63862018      none	B	[*:1]~[cX3:2]!@[NX2:3]~[*:4]	120.002	1.45599	-	-	-	-	O
C63862018      none	B	[*^2:1]~[C^2:2]([!H])!@[C^2:3]~[*^2:4]	-119.676	0.661024	-	-	-	-	G
C15442795      none	-	-	-	-	-	-	-	-	-
C52226840      none	B	[n,o,s:1][c:2]!@[CX4H2:3][CX4:4]	90.326	4.03889	-	-	-	-	G
C52226840      none	B	[a:1][c:2]!@[CX4H2:3][a:4]	134.998	1.74812	-	-	-	-	O
C52226840      none	B	[!#1:1][CH2:2]!@[n:3][a:4]	-134.71	0.908865	-	-	-	-	O
C52226840      none	B	[a:1][c:2]!@[CX4H2:3][!#1:4]	-89.997	7.30446	-	-	-	-	G
C39119782      none	-	-	-	-	-	-	-	-	-
C66814316      none	B	[cH0:1][c:2]!@[CX4H1:3][CX4:4]	-30.0959	0.0404585	-	-	-	-	R
C66814316      none	B	[cH0:1][c:2]([cH,nX2H0])!@[NX3H0:3][CX4:4]	119.722	2.29463	-	-	-	-	O
C66814316      none	B	[O-:1][N+:2](=O)!@[c:3]([cH,nX2H0])[cH,nX2H0:4]	179.98	23.2156	-	-	-	-	G
C41160980      none	B	[a:1][c:2]!@[CX4H1:3][H:4]	-59.9987	1.09004	-	-	-	-	G
C41160980      none	B	[c:1][c:2]!@[c:3][s,o,nX3H1:4]	0.259685	17.837	-	-	-	-	G
C08199421      none	B	[aH0:1][c:2]([aH0])!@[SX2:3][!#1:4]	150	0.567303	-	-	-	-	O
C08199421      none	B	[aH0:1][c:2]([aH0])!@[SX2:3][!#1:4]	150.004	0.567303	-	-	-	-	O
C08199421      none	B	[c:1][c:2]!@[c:3][s,o,nX3H1:4]	0.608839	17.837	-	-	-	-	G
C62774221      none	B	[H:1][CX4H1:2]!@[O:3][CX4:4]	-60.0047	5.14933	-	-	-	-	G
C62774221      none	B	[C:1][CH2:2]!@[O:3][CX4:4]	180	35.2689	-	-	-	-	G
C62774221      none	B	[!#1:1][CX4H2:2]!@[CX4H2:3][!#1:4]	179.998	58.554	-	-	-	-	G
C62774221      none	B	[!#1:1][CX4:2]!@[CX4:3][!#1:4]	-160.003	1.85018	-	-	-	-	G
C62774221      none	B	[cH0:1][c:2]!@[CX4H1:3][CX4:4]	119.728	7.01281	-	-	-	-	G
C13331187      none	B	[s:1][c:2]!@[C:3]([NH1])=[O:4]	149.995	0	-	-	-	-	R
C13331187      none	B	[O:1]=[CX3:2]!@[NX3H1:3][!#1:4]	-0.00479442	63.7893	-	-	-	-	G
C13331187      none	B	[$([CX3]=O):1][NX3H1:2]!@[CX4H2:3][C:4] 	89.9913	7.35439	-	-	-	-	G
C13331187      none	B	[OX2:1][CX4:2]!@[CX4:3][N:4]	63.7412	15.2809	-	-	-	-	G
C35737588      none	B	[a:1][c:2]!@[CX4H1:3][N,O:4]	-59.9966	3.48172	-	-	-	-	G
C35737588      none	B	[!#1:1][CX4H1:2]!@[NX3:3][!#1:4]	180	2.80076	-	-	-	-	G
C35737588      none	B	[cH1:1][c:2]([cH1])!@[NX3:3][CX4:4]	180	14.7347	-	-	-	-	G
C58512203      none	B	[cH0:1][c:2]!@[CX4H2:3][a:4]	-120.201	3.40729	-	-	-	-	G
C58512203      none	B	[a:1][c:2]!@[CX4H2:3][a:4]	-89.6652	5.18797	-	-	-	-	G
C58512203      none	B	[$(C=O):1][NX3H1:2]!@[c:3](s)[n:4]	0.00173765	0.574713	-	-	-	-	R
C58512203      none	B	[O:1]=[CX3:2]!@[NX3H1:3][!#1:4]	179.996	2.24265	-	-	-	-	G
C58512203      none	B	[a:1][c:2]!@[C:3]([NH1,NH2])=[O:4]	90.274	0.308642	-	-	-	-	O
C40262036      none	B	[a:1][c:2]!@[CX4H1:3][N,O:4]	-120.001	3.08052	-	-	-	-	G
C40262036      none	B	[a:1][c:2]!@[CX4H1:3][N,O:4]	29.9923	3.56196	-	-	-	-	G
C09238605      none	B	[$(C=O):1][O:2]!@[CH2:3]~[C:4]	90.0052	4.53893	-	-	-	-	G
C09238605      none	B	[O:1]=[C:2]!@[O:3]~[C:4]	0.00180864	74.4927	-	-	-	-	G
C09238605      none	B	[a:1][a:2]!@[CX3:3]=[O:4]	-179.701	14.6728	-	-	-	-	G
C42404826      none	B	[aH0:1][c:2]([aH0])!@[SX2:3][!#1:4]	-59.9905	1.39247	-	-	-	-	G
C42404826      none	B	[!#1:1][CX4:2]!@[SX2:3][!#1:4]	42.5354	0.636754	-	-	-	-	O
C37981612      none	B	[cH1:1][c:2]([cH0])!@[O:3][c:4]	-0.0468444	9.46237	-	-	-	-	G
C37981612      none	B	[aH0:1][c:2]!@[OX2:3][!#1:4]	-89.7112	6.47358	-	-	-	-	G
C37781426      none	B	[!#1:1][CX4H1:2]!@[NX3:3][!#1:4]	-150.001	2.59662	-	-	-	-	G
C37781426      none	B	[a:1][c:2]!@[NX3H1:3][$([CX4r]([C;r])([C;r])):4]	60.002	1.13636	-	-	-	-	R
C37781426      none	B	[cH1:1][a:2]([cH1])!@[a:3]([cH1])[cH0:4]	-30.0343	0.99453	-	-	-	-	G
C51607614      none	B	[aH0:1][c:2]([aH0])!@[SX2:3][!#1:4]	-60.0028	1.39247	-	-	-	-	G
C51607614      none	B	[aH0:1][c:2]([aH0])!@[SX2:3][!#1:4]	-149.999	0.43837	-	-	-	-	O
C51607614      none	B	[O-:1][N+:2](=O)!@[c:3]([cH0])[cH0:4]	89.993	5.69106	-	-	-	-	G
C09239546      none	B	[cH1:1][c:2]([cH0])!@[O:3][c:4]	-89.9839	3.22581	-	-	-	-	G
C09239546      none	B	[cH1:1][c:2]([cH0])!@[O:3][c:4]	60.2664	2.58065	-	-	-	-	G
C40516016      none	B	[cH0:1][c:2]!@[CX4H2:3][a:4]	44.9845	0.396197	-	-	-	-	R
C40516016      none	B	[!#1:1][CH2:2]!@[n:3][a:4]	-89.6952	13.2844	-	-	-	-	G
C04581427      none	B	[cH1:1][c:2]([cH1])!@[CX3:3]=[O:4]	90.2681	0.0874361	-	-	-	-	R
C04581427      none	B	[cH0:1][c:2]([cH1])!@[O:3][C:4]	179.995	48.7454	-	-	-	-	G
C04581427      none	B	[cH0:1][c:2]!@[CX4H2:3][N,O,S:4]	179.997	6.20075	-	-	-	-	G
C04581427      none	B	[c:1][CX4H2:2]!@[OX2:3][C:4]	179.998	23.858	-	-	-	-	G
C04581427      none	B	[O:1]=[C:2]!@[O:3]~[C:4]	-30.0016	0.0890388	-	-	-	-	R
C04581427      none	B	[s:1][c:2]([aX2,cH1])!@[CX3:3](O)=[O:4]	180	44.2623	-	-	-	-	G
C35333561      none	B	[O:1]=[C:2]!@[O:3]~[C:4]	-0.00519851	74.4927	-	-	-	-	G
C35333561      none	B	[$([cH0](F)):1][c:2]([cH1])!@[CX3:3]([O,N])=[O:4]	-0.0103944	0	-	-	-	-	G
C35333561      none	B	[O-:1][N+:2](=O)!@[c:3]([cH0])[cH,nX2H0:4]	90.0188	0.274725	-	-	-	-	O
C66255930      none	B	[a:1][c:2]!@[CX3:3]=[CX3H0:4]	90.3295	1.52036	-	-	-	-	G
C66255930      none	B	[c:1][c:2]!@[c:3][s,o,nX3H1:4]	-159.386	3.25336	-	-	-	-	G
C37299547      none	B	[cH0:1][c:2]([cH,nX2H0])!@[NX3H1:3][CX4:4]	-150.002	1.00143	-	-	-	-	O
C37299547      none	B	[O-:1][N+:2](=O)!@[c:3]([cH0])[cH,nX2H0:4]	0.26501	12.6374	-	-	-	-	G
C37299547      none	B	[!#1:1][CX4H1:2]!@[NX3:3][!#1:4]	59.9986	5.65868	-	-	-	-	G
C37299547      none	B	[cH0:1][c:2]!@[CX4H1:3][CX4:4]	60.0005	1.73972	-	-	-	-	G
C36291657      none	B	[a:1][c:2]!@[CX4H2:3][!#1:4]	179.998	2.35335	-	-	-	-	O
C67649756      none	B	[a:1][c:2]!@[CX4H1:3][N,O:4]	180	1.64318	-	-	-	-	G
C67649756      none	B	[$(C=O):1][O:2]!@[CH1:3][H:4]	0.0047283	9.45727	-	-	-	-	G
C67649756      none	B	[O:1]=[C:2]!@[O:3]~[C:4]	30.0038	0.0796663	-	-	-	-	R
C67649756      none	B	[cH1:1][c:2]([cH1])!@[CX3:3]=[O:4]	0.269357	14.2319	-	-	-	-	G
C02602244      none	B	[!#1:1][$(S(=O)=O):2]!@[nX3:3][aH0:4]	156.138	0	-	-	-	-	R
C02602244      none	B	[aH0:1][c:2]([aH1])!@[SX4:3][!#1:4]	69.6768	11.3606	-	-	-	-	G
C60429499      none	B	[aH0:1][c:2]([aH0])!@[SX2:3][!#1:4]	0.0090504	13.1253	-	-	-	-	G
C60429499      none	B	[!#1:1][CX4:2]!@[SX2:3][!#1:4]	179.999	11.1654	-	-	-	-	G
C60429499      none	B	[!#1:1][CX4H2:2]!@[CX4H2:3][!#1:4]	179.994	58.554	-	-	-	-	G
C60429499      none	B	[C:1][CX4H2:2]!@[CX3:3]=[O:4]	120	0.695249	-	-	-	-	O
C60429499      none	B	[O:1]=[C:2]!@[O:3]~[CH0:4]	60.0064	0.0213038	-	-	-	-	R
C60429499      none	B	[!#1:1][CX4H0:2]!@[OX2:3][!#1:4]	29.9948	0.153081	-	-	-	-	R
C40996716      none	B	[c:1][c:2]!@[c:3][s,o,nX3H1:4]	-0.00349721	17.837	-	-	-	-	G
C40996716      none	B	[a:1][c:2]!@[CX4H2:3][!#1:4]	-44.9915	1.62815	-	-	-	-	O
C40996716      none	B	[*:1]~[CX4:2]!@[NX4:3]~[*:4]	59.9936	15.3058	-	-	-	-	G
C40996716      none	B	[*:1]~[CX4:2]!@[NX4:3]~[*:4]	59.9936	15.3058	-	-	-	-	G
C45237852      none	B	[cH0:1][c:2]([cH1])!@[O:3][C:4]	90.0039	0.6255	-	-	-	-	R
C37194550      none	B	[aH1:1][c:2]([aH0])!@[SX2:3][!#1:4]	-119.997	0.466926	-	-	-	-	O
C37194550      none	B	[!#1:1][CX4:2]!@[SX2:3][!#1:4]	179.997	11.1654	-	-	-	-	G
C38081244      none	B	[O-:1][N+:2](=O)!@[c:3]([cH0])[cH,nX2H0:4]	0.0321191	12.6374	-	-	-	-	G
C38081244      none	B	[cH1:1][c:2]([cH0])!@[O:3][c:4]	-60.029	3.44086	-	-	-	-	G
C38081244      none	B	[aH0:1][c:2]!@[OX2:3][!#1:4]	-179.691	24.9334	-	-	-	-	G
C38081244      none	B	[cH0:1][c:2]!@[CX4H2:3][!#1:4]	134.999	0.579802	-	-	-	-	R
C06184794      none	B	[!#1:1][CX4:2]!@[SX2:3][!#1:4]	-149.998	1.30312	-	-	-	-	G
C06184794      none	B	[aH0:1][c:2]([aH0])!@[SX2:3][!#1:4]	150	0.567303	-	-	-	-	O
C06184794      none	B	[c:1][c:2]!@[c:3][s,o,nX3H1:4]	0.570326	17.837	-	-	-	-	G
C03704165      none	B	[c:1][c:2]!@[c:3][s,o,nX3H1:4]	179.999	12.4984	-	-	-	-	G
C49814193      none	B	[cH1:1][c:2]([cH1])!@[CX4H2:3][CX4:4]	89.9987	11.713	-	-	-	-	G
C49814193      none	B	[a:1][c:2]!@[CX4H1:3][N,O:4]	-148.402	3.72593	-	-	-	-	G
C49814193      none	B	[OX2:1][CX4:2]!@[CX4:3][OX2:4]	-173.622	4.55756	-	-	-	-	G
C66845015      none	B	[!#1:1][CX4H2:2]!@[CX4H2:3][!#1:4]	60.003	3.99483	-	-	-	-	G
C66845015      none	B	[n,o,s:1][c:2]!@[CX4H2:3][CX4:4]	-134.696	1.2715	-	-	-	-	O
C66845015      none	B	[a:1][c:2]!@[CX4H2:3][!#1:4]	179.993	2.35335	-	-	-	-	O
C66845015      none	B	[!#1:1][CX4H2:2]!@[NX3;"N_lp":3][!#1:4]	-76.3709	6.8682	-	-	-	-	G
C66845015      none	B	[a:1][c:2]!@[CX4H1:3][N,O:4]	-149.999	3.72593	-	-	-	-	G
C41045528      none	B	[a:1][ar6:2]!@[ar5:3][a:4]	0.307797	7.24965	-	-	-	-	G
C06796656      none	B	[$(C=O):1][NX3H0:2]!@[c:3]([cH1])[cH1:4]	-59.7451	5.10169	-	-	-	-	G
C06796656      none	B	[*:1]~[CX3:2]!@[NX3:3]~[*:4]	179.997	27.0317	-	-	-	-	G
C12370208      none	B	[c:1][c:2]!@[c:3][s,o,nX3H1:4]	-29.7516	2.72579	-	-	-	-	G
C12370208      none	B	[*:1]~[cX3:2]!@[NX2:3]~[*:4]	89.9971	1.96062	-	-	-	-	O
C50711317      none	B	[!#1:1][CX4:2]!@[CX4:3][!#1:4]	-63.2721	12.2558	-	-	-	-	G
C50711317      none	B	[O:1]=[CX3:2](a)!@[NX3H0:3][!#1:4]	29.9872	0.896722	-	-	-	-	O
C50711317      none	B	[a:1][c:2]!@[C:3]([NH0])=[O:4]	-59.7123	3.63889	-	-	-	-	G
C50711317      none	B	[cH1:1][c:2]([cH1])!@[NX3:3][CX4:4]	180	14.7347	-	-	-	-	G
C41653414      none	B	[cH0:1][c:2]!@[CX4H1:3][a:4]	120.003	3.09082	-	-	-	-	G
C41653414      none	B	[a:1][c:2]!@[CX4H1:3][N,O:4]	-29.9937	3.61778	-	-	-	-	G
C36205367      none	B	[a:1][c:2]!@[CX4H2:3][a:4]	0.000122363	2.06767	-	-	-	-	O
C36205367      none	B	[cH0:1][c:2]!@[CX4H2:3][a:4]	119.729	4.0412	-	-	-	-	G
C04241693      none	B	[cH0:1][c:2]([cH,nX2H0])!@[NX3H1:3][CX4:4]	89.7177	0	-	-	-	-	R
C04241693      none	B	[$([cH0]([$([NX3H2]),$([NX3H1])])):1][a:2]!@[a:3][nX2:4]	150.303	0	-	-	-	-	R
C57306056      none	B	[!#1:1][CX4:2]!@[CX4:3][!#1:4]	-80.0018	1.71775	-	-	-	-	G
C57306056      none	B	[!#1:1][CX4:2]!@[CX4:3][!#1:4]	148.613	0.50879	-	-	-	-	O
C57306056      none	B	[O:1]=[CX3:2]([NH1])!@[CH2:3][C:4]	-59.9993	5.85305	-	-	-	-	G
C57306056      none	B	[O:1]=[CX3:2]!@[NX3H1:3][!#1:4]	-0.00639893	63.7893	-	-	-	-	G
C57306056      none	B	[$(C=O):1][NX3H1:2]!@[c:3](s)[n:4]	180	66.092	-	-	-	-	G
CHEMBL295093      none	B	[C:1][CX4H2:2]!@[NX3;"N_lp":3][C:4]	160.003	5.62549	-	-	-	-	G
CHEMBL295093      none	B	[C:1][CX4:2]!@[NX3;"N_lp":3][C:4]	55.2439	6.93585	-	-	-	-	G
C49582011      none	-	-	-	-	-	-	-	-	-
C43542940      none	B	[!#1:1][CX4:2]!@[CX4:3][!#1:4]	-59.9987	12.2558	-	-	-	-	G
C43542940      none	B	[!#1:1][CX4:2]!@[SX2:3][!#1:4]	60.002	7.53739	-	-	-	-	G
C43542940      none	B	[aH0:1][c:2]([aH0])!@[SX2:3][!#1:4]	89.9969	3.2491	-	-	-	-	G
C54823639      none	B	[c:1][c:2](c)!@[O:3][$(C([F])([F])[F]):4]	29.8734	0	-	-	-	-	R
C54823639      none	B	[a:1][c:2]!@[NX3H1:3][$([CX4r]([C;r])([C;r])):4]	29.9965	0.852273	-	-	-	-	G
C54823639      none	B	[!#1:1][CX4H1:2]!@[NX3:3][!#1:4]	-83.9731	4.33043	-	-	-	-	G
C36667292      none	B	[cH1:1][c:2]([cH0])!@[O:3][c:4]	0.02144	9.46237	-	-	-	-	G
C36667292      none	B	[aH0:1][c:2]!@[OX2:3][!#1:4]	135.285	0.316936	-	-	-	-	R
C63078325      none	B	[a:1][c:2]!@[CX4H2:3][!#1:4]	90.0006	7.24386	-	-	-	-	G
C63078325      none	B	[*:1][CX4:2]!@[O:3][CX4:4]	179.999	12.0478	-	-	-	-	G
C63078325      none	B	[H:1][CX4H1:2]!@[O:3][CX4:4]	-39.9944	11.8876	-	-	-	-	G
C51716847      none	B	[n,o,s:1][c:2]!@[CX4H2:3][CX4:4]	-89.997	5.3104	-	-	-	-	G
C51716847      none	B	[a,!nX2H0:1][a:2]([!nX2H0])!@[a:3]([nX2H0])[nX2H0:4]	149.998	2.5	-	-	-	-	R
C51716847      none	B	[n,o,s:1][c:2]!@[CX4H2:3][CX4:4]	149.993	0.598355	-	-	-	-	O
C43561871      none	B	[aH1:1][c:2]([aH0])!@[SX2:3][*R:4]	150.23	0.255102	-	-	-	-	R
C43561871      none	B	[aH0:1][c:2]([aH0])!@[SX2:3][!#1:4]	179.998	14.0278	-	-	-	-	G
C67448466      none	B	[cH1,n:1][c:2]!@[O:3][CRH1:4]	119.986	0.203252	-	-	-	-	R
C67448466      none	B	[H:1][CX4H1:2]!@[OX2:3][!#1:4]	30.0038	9.32817	-	-	-	-	G
C67448466      none	B	[$(C=O):1][NX3H0:2]!@[c:3]([cH1])[cH1:4]	150.128	1.18925	-	-	-	-	G
C67448466      none	B	[O-:1][N+:2](=O)!@[c:3]([cH,nX2H0])[cH,nX2H0:4]	-179.765	23.2156	-	-	-	-	G
C61362604      none	B	[!#1:1][CX4:2]!@[CX4:3][!#1:4]	-60.0012	12.2558	-	-	-	-	G
C61362604      none	B	[C:1][CX4:2]!@[NX3;"N_lp":3][C:4]	80	5.94326	-	-	-	-	G
C61362604      none	B	[C:1][CX4:2]!@[NX3;"N_lp":3][C:4]	80.0053	5.94326	-	-	-	-	G
C61362604      none	B	[a:1][c:2]!@[CX4H1:3][N,O:4]	60.0027	3.42939	-	-	-	-	G
C37205801      none	B	[aH1:1][c:2]([aH0])!@[SX2:3][!#1:4]	30.0014	1.8677	-	-	-	-	O
C37205801      none	B	[!#1:1][CX4:2]!@[SX2:3][!#1:4]	150.003	1.40678	-	-	-	-	G
C15443756      none	-	-	-	-	-	-	-	-	-
C55170252      none	B	[c:1][c:2]!@[c:3][s,o,nX3H1:4]	-29.6772	2.72579	-	-	-	-	G
C43699319      none	B	[!#1:1][CX4H2:2]!@[CX4H2:3][!#1:4]	180	58.554	-	-	-	-	G
C43699319      none	B	[C:1][CH2:2]!@[O:3][CX4:4]	180	35.2689	-	-	-	-	G
C43699319      none	B	[*:1][CX4:2]!@[O:3][CX4:4]	179.996	12.0478	-	-	-	-	G
C43699319      none	B	[a:1][c:2]!@[CX4H2:3][!#1:4]	135.317	1.69481	-	-	-	-	O
C35101692      none	B	[!#1:1][CX4H2:2]!@[CX4H2:3][!#1:4]	-60.0027	3.77933	-	-	-	-	G
C35101692      none	B	[$(C=O):1][O:2]!@[CH2:3]~[C:4]	-89.9956	4.43359	-	-	-	-	G
C35101692      none	B	[O:1]=[C:2]!@[O:3]~[C:4]	29.9931	0.0796663	-	-	-	-	R
C35101692      none	B	[s:1][c:2]([aX2,cH1])!@[CX3:3](O)=[O:4]	-29.9886	0	-	-	-	-	R
C20222246      none	B	[cH0:1][c:2]!@[CX4H2:3][CX4:4]	90.0062	18.5823	-	-	-	-	G
C20222246      none	B	[!#1:1][CX4H2:2]!@[CX4H2:3][!#1:4]	179.998	58.554	-	-	-	-	G
C20222246      none	B	[n,o,s:1][c:2]!@[CX4H2:3][CX4:4]	45.3132	2.99177	-	-	-	-	O
C51121687      none	B	[cH1:1][a:2]([cH1])!@[a:3]([sX2,o,nX2H0,nX3H1:4])([cH0])	-29.9992	4.65593	-	-	-	-	G
C51121687      none	B	[cH0:1][c:2]([cH,nX2H0])!@[NX3H1:3][CX4:4]	160.002	3.7196	-	-	-	-	O
C51121687      none	B	[!#1:1][CX4H2:2]!@[NX3H1:3][!#1:4]	-119.995	2.14327	-	-	-	-	O
C51121687      none	B	[!#1:1][CX4H2:2]!@[CX4H2:3][!#1:4]	-60.0005	3.77933	-	-	-	-	G
C51121687      none	B	[!#1:1][CX4H2:2]!@[CX4H2:3][!#1:4]	-60.0081	3.77933	-	-	-	-	G
C51121687      none	B	[C:1][CH2:2]!@[O:3][CX4:4]	-79.9856	1.18773	-	-	-	-	G
C40996605      none	B	[*:1]~[CX4:2]!@[NX4:3]~[*:4]	59.9965	15.3058	-	-	-	-	G
C40996605      none	B	[*:1]~[CX4:2]!@[NX4:3]~[*:4]	179.998	15.0612	-	-	-	-	G
C40996605      none	B	[a:1][c:2]!@[CX4H2:3][!#1:4]	-44.6731	1.62815	-	-	-	-	O
C40996605      none	B	[c:1][c:2]!@[c:3][s,o,nX3H1:4]	150.575	2.6253	-	-	-	-	G
C61277454      none	B	[a:1][c:2]!@[NX3H1:3][$([CX4r]([C;r])([C;r])):4]	-150.005	1.42045	-	-	-	-	G
C61277454      none	B	[!#1:1][CX4H1:2]!@[NX3:3][!#1:4]	136.665	2.84159	-	-	-	-	O
C56065510      none	B	[aH0:1][c:2]([aH1])!@[SX4:3][!#1:4]	-70.2288	15.3236	-	-	-	-	G
C56065510      none	B	[*:1]~[OX2:2]!@[SX4:3]~[*:4]	160.002	2.391	-	-	-	-	G
C56065510      none	B	[cH1:1][c:2]([cH0])!@[O:3][S:4]	59.9972	2.57732	-	-	-	-	G
C56065510      none	B	[O-:1][N+:2](=O)!@[c:3]([cH,nX2H0])[cH,nX2H0:4]	179.983	23.2156	-	-	-	-	G
C44326500      none	B	[O:1]=[CX3:2]!@[NX3H0:3][!#1:4]	29.9984	0.680979	-	-	-	-	O
C44326500      none	B	[O:1]=[CX3:2]!@[NX3H1:3][!#1:4]	-29.9893	0.0303061	-	-	-	-	O
C44326500      none	B	[$(C=O):1][NX3H1:2]!@[c:3]([cH1])[cH1:4]	-29.9994	5.05437	-	-	-	-	G
C44326500      none	B	[cH1,n:1][c:2]!@[O:3][CRH1:4]	119.998	0.203252	-	-	-	-	R
C44326500      none	B	[H:1][CX4H1:2]!@[OX2:3][!#1:4]	26.644	9.32817	-	-	-	-	G
C61496448      none	B	[!#1:1][CX4:2]!@[CX4:3][!#1:4]	180	22.1548	-	-	-	-	G
C61496448      none	B	[a:1][c:2]!@[CX4H1:3][H:4]	180	7.22227	-	-	-	-	G
C61496448      none	B	[c:1][c:2]([cH0])!@[c:3][nX2H0:4]	-59.724	2.81967	-	-	-	-	G
C35348247      none	B	[!#1:1][CX4:2]!@[SX4:3][!#1:4]	180	13.1368	-	-	-	-	G
C35348247      none	B	[aH1:1][c:2]([aH1])!@[SX4:3][!#1:4]	-89.7247	12.5987	-	-	-	-	G
C35348247      none	B	[a:1][c:2]!@[NX3H1:3][$([CX4r]([C;r])([C;r])):4]	-119.995	0.284091	-	-	-	-	R
C35348247      none	B	[!#1:1][CX4H1:2]!@[NX3:3][!#1:4]	79.7994	3.82417	-	-	-	-	G
C20296639      none	B	[cH1:1][c:2]([cH0])!@[O:3][c:4]	-59.9812	3.44086	-	-	-	-	G
C20296639      none	B	[aH0:1][c:2]!@[OX2:3][!#1:4]	-179.719	24.9334	-	-	-	-	G
C61099787      none	B	[cH1:1][c:2]([cH1])!@[NX3:3][a:4]	60.0022	2.57893	-	-	-	-	G
C61099787      none	B	[a:1][a:2]!@[NX3:3][!#1:4]	90.2862	1.62893	-	-	-	-	O
C02713876      none	B	[O:1]=[CX3:2]!@[NX3H1:3][!#1:4]	0.00273415	63.7893	-	-	-	-	G
C02713876      none	B	[$(C=O):1][NX3H1:2]!@[c:3](s)[n:4]	0.336448	0.574713	-	-	-	-	R
C55161685      none	-	-	-	-	-	-	-	-	-
C00169281      none	B	[cH1:1][c:2]([cH1])!@[CX3:3]=[NX2:4]	-29.727	2.32396	-	-	-	-	G
C00970399      none	-	-	-	-	-	-	-	-	-
C42864668      none	B	[a:1][a:2]!@[NX3:3][!#1:4]	180	11.4213	-	-	-	-	G
C42864668      none	B	[!#1:1][CX4H2:2]!@[NX3H1:3][!#1:4]	179.995	11.3535	-	-	-	-	G
C42864668      none	B	[!#1:1][CX4:2]!@[CX4:3][!#1:4]	159.998	1.81259	-	-	-	-	G
C37694612      none	B	[cH0:1][c:2]([cH0])!@[O:3][C:4]	60.0129	1.67405	-	-	-	-	G
C37694612      none	B	[O-:1][N+:2](=O)!@[c:3]([cH0])[cH,nX2H0:4]	0.0104914	12.6374	-	-	-	-	G
C37694612      none	B	[H:1][CX4H1:2]!@[OX2:3][!#1:4]	-60.0065	2.37856	-	-	-	-	G
C15165264      none	B	[aH0:1][c:2]([aH0])!@[SX2:3][!#1:4]	30.0063	0.412584	-	-	-	-	O
C15165264      none	B	[aH0:1][c:2]([aH0])!@[SX2:3][!#1:4]	119.997	1.75348	-	-	-	-	G
C07791278      none	B	[a:1][c:2]!@[CX4H2:3][!#1:4]	-45.0013	1.96752	-	-	-	-	O
C07791278      none	B	[c:1][CX4H2:2]!@[OX2:3][C:4]	179.998	23.858	-	-	-	-	G
C07791278      none	B	[O:1]=[C:2]!@[O:3]~[C:4]	0.000912549	74.4927	-	-	-	-	G
C07791278      none	B	[O:1][CX4:2]!@[CX3:3]=[O:4]	59.9935	0.530348	-	-	-	-	O
C07791278      none	B	[C:1][CX4H2:2]!@[OX2:3][c:4]	180	43.8829	-	-	-	-	G
C07791278      none	B	[cH0:1][c:2]([cH1])!@[O:3][C:4]	119.717	0.35639	-	-	-	-	R
C37691075      none	B	[aH1:1][c:2]([aH1])!@[SX2:3][!#1:4]	-29.9973	2.06819	-	-	-	-	G
C37691075      none	B	[a:1][c:2]!@[NX3H1:3][$([CX4r]([C;r])([C;r])):4]	-119.998	0.284091	-	-	-	-	R
C37691075      none	B	[!#1:1][CX4H1:2]!@[NX3:3][!#1:4]	-160.006	2.4687	-	-	-	-	G
C36161042      none	B	[!#1:1][CX4:2]!@[CX4:3][!#1:4]	160.001	1.81259	-	-	-	-	G
C36161042      none	B	[a:1][c:2]!@[CX4H1:3][N,O:4]	-29.9963	3.61778	-	-	-	-	G
C67372305      none	B	[aH0:1][c:2]([aH0])!@[SX2:3][!#1:4]	0.00438191	13.1253	-	-	-	-	G
C67372305      none	B	[aH0:1][c:2]([aH0])!@[SX2:3][!#1:4]	-30.0002	0.51573	-	-	-	-	O
C67372305      none	B	[*:1]~[CX4:2]!@[n:3]~[*:4]	120.745	3.12393	-	-	-	-	G
C20270485      none	B	[c:1][c:2]!@[c:3][s,o,nX3H1:4]	-89.9935	0.276347	-	-	-	-	R
C20270485      none	B	[nX2H0:1][c:2]([cH1])!@[CX3H1:3]=[O:4]	-0.00627221	16	-	-	-	-	G
C36902164      none	B	[cH0:1][c:2]([cH,nX2H0])!@[NX3H1:3][CX4:4]	20.0035	0	-	-	-	-	R
C36902164      none	B	[!#1:1][CX4H2:2]!@[NX3H1:3][!#1:4]	-120.004	2.14327	-	-	-	-	O
C36902164      none	B	[a:1][c:2]!@[CX4H2:3][!#1:4]	90.2894	7.24386	-	-	-	-	G
C48630728      none	B	[n,o,s:1][c:2]!@[CX4H2:3][CX4:4]	-179.693	8.82573	-	-	-	-	G
C48630728      none	B	[c:1][c:2]!@[c:3][s,o,nX3H1:4]	-179.763	12.4984	-	-	-	-	G
C47097006      none	B	[!#1:1][CX4:2]!@[CX4:3][!#1:4]	160.006	1.81259	-	-	-	-	G
C47097006      none	B	[$([CX3]=O):1][NX3H1:2]!@[CX4H2:3][C:4] 	149.996	1.43139	-	-	-	-	O
C47097006      none	B	[O:1]=[CX3:2]([$([NX3H1]C)])!@[NX3H1:3][!#1:4]	0.00423224	41.1343	-	-	-	-	G
C47097006      none	B	[O:1]=[CX3:2]([$([NX3H1]C)])!@[NX3H1:3][!#1:4]	-0.00505154	41.1343	-	-	-	-	G
C47097006      none	B	[$([CX3]=O):1][NX3H1:2]!@[CX4H2:3][C:4] 	-119.997	2.61599	-	-	-	-	O
C47097006      none	B	[!#1:1][CX4H2:2]!@[CX4H2:3][!#1:4]	180	58.554	-	-	-	-	G
C47097006      none	B	[n,o,s:1][c:2]!@[CX4H2:3][CX4:4]	134.997	0.747943	-	-	-	-	O
C04078381      none	B	[$(C=O):1][O:2]!@[CH2:3]~[C:4]	-150	2.4514	-	-	-	-	G
C04078381      none	B	[O:1]=[C:2]!@[O:3]~[C:4]	-29.999	0.0890388	-	-	-	-	R
C04078381      none	B	[!#1:1][CX4H2:2]!@[CX3:3]=[O:4]	59.9828	1.20812	-	-	-	-	O
C04078381      none	B	[!#1:1][CX4:2]!@[SX2:3][!#1:4]	60.0038	7.53739	-	-	-	-	G
C04078381      none	B	[aH0:1][c:2]([aH0])!@[SX2:3][!#1:4]	-30.0086	0.51573	-	-	-	-	O
C04078381      none	B	[$(C=O):1][NX3H1:2]!@[c:3](s)[n:4]	-0.00166704	0.574713	-	-	-	-	R
C04078381      none	B	[O:1]=[CX3:2]!@[NX3H1:3][!#1:4]	0.00286103	63.7893	-	-	-	-	G
C04078381      none	B	[$([cH0]F):1][c:2]([cH1])!@[CX3:3]([NX3H1])=[O:4]	149.992	12.2449	-	-	-	-	G
C51722605      none	B	[n,o,s:1][c:2]!@[CX4H2:3][CX4:4]	179.998	8.82573	-	-	-	-	G
C51722605      none	B	[c:1][c:2]!@[c:3][s,o,nX3H1:4]	180	12.4984	-	-	-	-	G
C14986257      none	B	[$(C=O):1][O:2]!@[CH2:3]~[C:4]	-90.0053	4.43359	-	-	-	-	G
C14986257      none	B	[O:1]=[C:2]!@[O:3]~[C:4]	30.0111	0.0796663	-	-	-	-	R
C14986257      none	B	[s:1][c:2]([aX2,cH1])!@[CX3:3](O)=[O:4]	-0.00342057	31.1475	-	-	-	-	G
C14986257      none	B	[a:1][c:2]!@[CX4H2:3][!#1:4]	-45.0002	1.96752	-	-	-	-	O
C36195311      none	B	[!#1:1][CX4H2:2]!@[CX4H2:3][!#1:4]	60.0012	3.99483	-	-	-	-	G
C36195311      none	B	[*:1]~[CX4:2]!@[NX4:3]~[*:4]	59.9947	15.3058	-	-	-	-	G
C36195311      none	B	[*:1]~[CX4:2]!@[NX4:3]~[*:4]	40.0007	2.08461	-	-	-	-	G
C36195311      none	B	[aH1:1][c:2]([aH1])!@[SX2:3][!#1:4]	-30.0021	2.06819	-	-	-	-	G
C36195311      none	B	[aH0:1][c:2]([aH0])!@[SX2:3][!#1:4]	30.0052	0.412584	-	-	-	-	O
C59138670      none	B	[*:1]~[cX3:2]!@[NX2:3]~[*:4]	-59.9965	1.53044	-	-	-	-	O
C59138670      none	B	[*:1]~[CX3:2]!@[cX3:3]~[*:4]	-149.688	2.34159	-	-	-	-	O
C59138670      none	B	[a:1][a:2]!@[NX3:3][!#1:4]	0.302106	10.9271	-	-	-	-	G
C44030013      none	B	[c:1][c:2]([cH0])!@[c:3][nX2H0:4]	-179.716	10.8852	-	-	-	-	G
C44030013      none	B	[aH0:1][c:2]([aH0])!@[SX2:3][!#1:4]	0.00283639	13.1253	-	-	-	-	G
C44030013      none	B	[!#1:1][CX4:2]!@[SX2:3][!#1:4]	-60.007	7.13757	-	-	-	-	G
C44030013      none	B	[cH0:1][c:2]!@[CX4H1:3][CX4:4]	149.728	3.06136	-	-	-	-	G
C58240060      none	B	[cH0:1][c:2]!@[CX4H2:3][N,O,S:4]	44.9913	3.35731	-	-	-	-	G
C58240060      none	B	[c:1][CX4H2:2]!@[OX2:3][C:4]	180	23.858	-	-	-	-	G
C58240060      none	B	[O:1]=[C:2]!@[O:3]~[C:4]	-59.9914	0.0117156	-	-	-	-	R
C58240060      none	B	[C:1][CX4:2]!@[CX3:3]=[O:4]	-148.875	1.18876	-	-	-	-	G
C35677352      none	B	[H:1][CX4H1:2]!@[O:3][CX4:4]	-40.0047	11.8876	-	-	-	-	G
C35677352      none	B	[C:1][CH2:2]!@[O:3][CX4:4]	80.0036	1.71561	-	-	-	-	G
C35677352      none	B	[!#1:1][CX4H2:2]!@[CX4H2:3][!#1:4]	179.999	58.554	-	-	-	-	G
C35677352      none	B	[cH1:1][c:2]([cH1])!@[CX4H2:3][CX4:4]	-29.9966	0.300334	-	-	-	-	R
C54740639      none	B	[!#1:1][CX4:2]!@[CX4:3][!#1:4]	179.996	22.1548	-	-	-	-	G
C54740639      none	B	[a:1][c:2]!@[CX4H1:3][H:4]	-119.999	0.954033	-	-	-	-	G
C54740639      none	B	[!#1:1][CH2:2]!@[n:3][a:4]	-44.9981	0.361056	-	-	-	-	O
C54740639      none	B	[!#1:1][CX4:2]!@[CX4:3][!#1:4]	-60.0007	12.2558	-	-	-	-	G
C49904937      none	B	[cH1:1][c:2]([cH1])!@[CX3:3]=[O:4]	120.004	0.410277	-	-	-	-	R
C49904937      none	B	[cH1:1][c:2]([cH1])!@[CX3:3]=[O:4]	30.2663	3.1746	-	-	-	-	O
C49904937      none	B	[cH1,nX2H0:1][c:2]([cH1,nX2H0])!@[NX3r:3][*:4]	120.291	2.56328	-	-	-	-	O
C36138752      none	B	[a:1][c:2]!@[CX4H1:3][N,O:4]	119.997	3.12238	-	-	-	-	G
C36138752      none	B	[!#1:1][CX4H1:2]!@[NX3:3][!#1:4]	179.997	2.80076	-	-	-	-	G
C36138752      none	B	[cH0:1][c:2]([cH,nX2H0])!@[NX3H1:3][CX4:4]	-150	1.00143	-	-	-	-	O
C36379638      none	B	[O-:1][N+:2](=O)!@[c:3][a:4]	0.0112252	18.5814	-	-	-	-	G
C67497297      none	B	[*:1][$(S(=O)=O):2]!@[NX3H0r:3][*:4]	120.278	1.23223	-	-	-	-	O
C67497297      none	B	[C:1][CX4:2]!@[CX3:3]=[O:4]	179.997	0.827213	-	-	-	-	G
C67497297      none	B	[O:1]=[C:2]!@[O:3]~[C:4]	0.00182576	74.4927	-	-	-	-	G
C67497297      none	B	[c:1][CX4H2:2]!@[OX2:3][C:4]	179.999	23.858	-	-	-	-	G
C67497297      none	B	[a:1][c:2]!@[CX4H2:3][!#1:4]	-44.6589	1.62815	-	-	-	-	O
C40275669      none	B	[a:1][c:2]!@[CX4H1:3][H:4]	-149.999	3.82796	-	-	-	-	G
C40275669      none	B	[!#1:1][CX4:2]!@[CX4:3][!#1:4]	-161.194	1.85018	-	-	-	-	G
C10237809      none	B	[cH1:1][c:2]([cH0])!@[O:3][S:4]	89.9979	9.79381	-	-	-	-	G
C10237809      none	B	[O-:1][N+:2](=O)!@[c:3]([cH0])[cH,nX2H0:4]	89.9789	0.274725	-	-	-	-	O
C10237809      none	B	[*:1]~[OX2:2]!@[SX4:3]~[*:4]	-79.9975	4.57103	-	-	-	-	G
C10237809      none	B	[aH1:1][c:2]([aH1])!@[SX4:3][!#1:4]	90.276	12.916	-	-	-	-	G
C62144817      none	B	[a:1][c:2]!@[CX4H1:3][H:4]	179.999	7.22227	-	-	-	-	G
C62144817      none	B	[!#1:1][CX4:2]!@[CX4:3][!#1:4]	159.999	1.81259	-	-	-	-	G
C62144817      none	B	[cH0:1][c:2]!@[CX4H2:3][CX4:4]	-89.9982	18.481	-	-	-	-	G
C62144817      none	B	[O-:1][N+:2](=O)!@[c:3]([cH0])[cH,nX2H0:4]	90.1991	0.274725	-	-	-	-	O
C25255627      none	B	[aH0:1][c:2]([aH0])!@[SX2:3][!#1:4]	-89.9948	3.32646	-	-	-	-	G
C25255627      none	B	[!#1:1][CX4:2]!@[SX2:3][!#1:4]	89.9973	2.8728	-	-	-	-	G
C25255627      none	B	[!#1:1][CX4:2]!@[CX4:3][!#1:4]	161.71	1.81259	-	-	-	-	G
C15444565      none	-	-	-	-	-	-	-	-	-
C39065544      none	B	[*^2:1]~[C^2:2]([!H])!@[C^2:3]~[*^2:4]	60.0385	0.650722	-	-	-	-	O
C37676290      none	B	[cH1:1][c:2]([cH1])!@[NX3:3][CX4:4]	-159.998	2.66685	-	-	-	-	G
C37676290      none	B	[!#1:1][CX4H2:2]!@[NX3H1:3][!#1:4]	-150.003	1.95018	-	-	-	-	O
C37676290      none	B	[a:1][c:2]!@[CX4H2:3][!#1:4]	90.3157	7.24386	-	-	-	-	G
C20257396      none	B	[cH1,nX2H0:1][c:2]([cH1,nX2H0])!@[NX3r:3][*:4]	150.273	1.71312	-	-	-	-	O
C20257396      none	B	[*:1]~[CX3:2]!@[cX3:3]~[*:4]	149.999	2.32505	-	-	-	-	O
CHEMBL374335      none	B	[!#1:1][CX4H2:2]!@[NX3;"N_lp":3][!#1:4]	160	5.85388	-	-	-	-	G
CHEMBL374335      none	B	[!#1:1][CX4H2:2]!@[NX3;"N_lp":3][!#1:4]	-80.0016	6.8682	-	-	-	-	G
CHEMBL374335      none	B	[a:1][c:2]!@[CX4H2:3][!#1:4]	150.279	1.43221	-	-	-	-	O
CHEMBL374335      none	B	[a:1][c:2]!@[CX4H2:3][!#1:4]	-89.6903	7.30446	-	-	-	-	G
C39514900      none	B	[aH1:1][c:2]([aH0])!@[SX2:3][*R:4]	-59.997	0.765306	-	-	-	-	O
C39514900      none	B	[O-:1][N+:2](=O)!@[c:3]([cH0])[cH,nX2H0:4]	89.9824	0.274725	-	-	-	-	O
C39514900      none	B	[aH1:1][c:2]([aH1])!@[SX2:3][!#1:4]	0.00113736	4.86305	-	-	-	-	G
C16954886      none	B	[*:1]~[NX3:2]!@[NX2:3]~[*:4]	90.0132	0.0824111	-	-	-	-	R
C16954886      none	B	[!#1:1][CX4:2]!@[CX3H0:3][!#1:4]	-90.0129	2.97335	-	-	-	-	G
C16954886      none	B	[cH1:1][c:2]([cH1])!@[CX3:3]=[NX2:4]	-149.718	2.34391	-	-	-	-	G
C16954886      none	B	[O-:1][N+:2](=O)!@[c:3]([cH,nX2H0])[cH,nX2H0:4]	179.98	23.2156	-	-	-	-	G
C13679476      none	B	[nX2H0:1][c:2]!@[c:3][nX3H1:4]	-0.0524307	50.5435	-	-	-	-	G
C37909290      none	B	[cH1:1][c:2]([cH1])!@[NX3:3][CX4:4]	0.00361303	14.0646	-	-	-	-	G
C37909290      none	B	[!#1:1][CX4H2:2]!@[NX3H1:3][!#1:4]	149.999	1.87295	-	-	-	-	O
C37909290      none	B	[a:1][c:2]!@[CX4H2:3][!#1:4]	-44.6922	1.62815	-	-	-	-	O
C22453439      none	B	[aH0:1][c:2]([aH1])!@[SX4:3][!#1:4]	-69.9615	15.3236	-	-	-	-	G
C22453439      none	B	[*:1]~[OX2:2]!@[SX4:3]~[*:4]	159.996	2.391	-	-	-	-	G
C22453439      none	B	[cH1:1][c:2]([cH0])!@[O:3][S:4]	60.0056	2.57732	-	-	-	-	G
C35342358      none	B	[cH0:1][c:2]([cH,nX2H0])!@[NX3H0:3][CX4:4]	-59.7067	5.09408	-	-	-	-	G
C20043783      none	B	[C:1][CH2:2]!@[O:3][CX4:4]	80.0065	1.71561	-	-	-	-	G
C20043783      none	B	[OX2:1][CX4H2:2]!@[CX4H2:3][N:4]	59.9943	17.6955	-	-	-	-	G
C20043783      none	B	[!#1:1][CX4H2:2]!@[NX3H1:3][!#1:4]	90.0021	6.33327	-	-	-	-	G
C20043783      none	B	[cH1:1][c:2]([cH1])!@[NX3:3][CX4:4]	-159.716	2.66685	-	-	-	-	O
C20043783      none	B	[aH1:1][c:2]([aH1])!@[SX2:3][!#1:4]	-29.9937	2.06819	-	-	-	-	G
C41645282      none	B	[C:1][CX4:2]!@[CX3:3]=[O:4]	-60.0027	2.40592	-	-	-	-	G
C41645282      none	B	[O:1]=[CX3:2]!@[NX3H1:3][!#1:4]	0.00627972	63.7893	-	-	-	-	G
C41645282      none	B	[$([CX3]=O):1][NX3H1:2]!@[CX4H2:3][C:4] 	150.003	1.43139	-	-	-	-	O
C41645282      none	B	N[C:2](=[O:1])!@[CH2:3][N:4]	29.9934	5.20833	-	-	-	-	G
C41645282      none	B	[O:1]=[CX3:2]!@[NX3H0:3][!#1:4]	-179.687	18.2537	-	-	-	-	G
C50839181      none	B	[!#1:1][CX4H2:2]!@[CX4H2:3][!#1:4]	-59.994	3.77933	-	-	-	-	G
C50839181      none	B	[!#1:1][CX4H2:2]!@[NX3H1:3][!#1:4]	179.998	11.3535	-	-	-	-	G
C50839181      none	B	[a:1][a:2]!@[NX3:3][!#1:4]	0.265649	10.9271	-	-	-	-	G
C50839181      none	B	[a:1][c:2]!@[CX4H2:3][!#1:4]	-89.9991	7.30446	-	-	-	-	G
C50839181      none	B	[!#1:1][CX4:2]!@[SX2:3][!#1:4]	79.9993	6.41197	-	-	-	-	G
C41480158      none	B	[C:1][CX4H2:2]!@[OX2:3][c:4]	119.993	0.336913	-	-	-	-	R
C41480158      none	B	[cH0:1][c:2]([cH1])!@[O:3][C:4]	119.724	0.35639	-	-	-	-	R
C41480158      none	B	[cH1:1][c:2]([cH0])!@[NX3:3][a:4]	30.2825	5.36829	-	-	-	-	G
C41480158      none	B	[a:1][a:2]!@[NX3:3][!#1:4]	90.2844	1.62893	-	-	-	-	O
C37393219      none	B	[cH1:1][c:2]([cH1])!@[NX3:3][CX4:4]	-20.0013	3.00858	-	-	-	-	G
C37393219      none	B	[!#1:1][CX4H2:2]!@[NX3H1:3][!#1:4]	-120	2.14327	-	-	-	-	O
C37393219      none	B	[!#1:1][CX4:2]!@[CX4:3][!#1:4]	162.657	1.81259	-	-	-	-	G
C20351601      none	B	[cH0:1][c:2]!@[CX4H2:3][N,O,S:4]	-90.0031	7.87941	-	-	-	-	G
C20351601      none	B	[!#1:1][CX4H2:2]!@[NX3H1:3][!#1:4]	-120.003	2.14327	-	-	-	-	O
C20351601      none	B	[a:1][a:2]!@[NX3:3][!#1:4]	-179.688	11.4213	-	-	-	-	G
C39053114      none	B	[a:1][c:2]!@[CX3:3]=[CX3H0:4]	90.281	1.52036	-	-	-	-	G
C19415123      none	B	[!#1:1][CH2:2]!@[n:3][cH0:4]	-135	0.892478	-	-	-	-	R
C19415123      none	B	[!#1:1][CX4H2:2]!@[CX4H2:3][!#1:4]	59.9978	3.99483	-	-	-	-	G
C19415123      none	B	[!#1:1][CX4H2:2]!@[CX4H2:3][!#1:4]	60.0012	3.99483	-	-	-	-	G
C51282884      none	B	[cH1:1][c:2]([cH0])!@[O:3][c:4]	-90.0216	3.22581	-	-	-	-	G
C51282884      none	B	[aH0:1][c:2]!@[OX2:3][!#1:4]	29.9963	0.114636	-	-	-	-	O
C07334391      none	B	[$(C=O):1][NX3H1:2]!@[c:3]([cH1])[cH1:4]	-150.029	5.07451	-	-	-	-	G
C07334391      none	B	[O:1]=[CX3:2]!@[NX3H1:3][!#1:4]	0.00183233	63.7893	-	-	-	-	G
C07334391      none	B	[C:1][CX4:2]!@[CX3:3]=[O:4]	51.8386	2.1428	-	-	-	-	G
C37312948      none	B	[H:1][CX4H1:2]!@[O:3][CX4:4]	-40.0109	11.8876	-	-	-	-	O
C37312948      none	B	[!#1:1][CX4H1:2]!@[NX3:3][!#1:4]	150.002	2.7681	-	-	-	-	G
C37312948      none	B	[a:1][c:2]!@[NX3H1:3][$([CX4r]([C;r])([C;r])):4]	29.9374	0.852273	-	-	-	-	G
C37312948      none	B	[cH1,nX2H0:1][c:2]([cH1,nX2H0])!@[NX3r:3][*:4]	120.325	2.56328	-	-	-	-	O
C47411551      none	B	[CX3:1]=[CX3:2]!@[CH2:3][C:4]	179.995	0.950764	-	-	-	-	O
C47411551      none	B	[*^2:1]~[C^2:2]([!H])!@[C^2:3]~[*^2:4]	-30.0032	1.21216	-	-	-	-	G
C47411551      none	B	[O:1]=[CX3:2]!@[NX3H1:3][!#1:4]	-0.00954395	63.7893	-	-	-	-	G
C47411551      none	B	[$(C=O):1][NX3H1:2]!@[c:3](s)[n:4]	180	66.092	-	-	-	-	G
C43666735      none	B	[a:1][c:2]!@[CX4H1:3][a:4]	-89.7283	4.08085	-	-	-	-	G
C43666735      none	B	[*:1]~[CX4:2]!@[n:3]~[*:4]	-60.001	3.65221	-	-	-	-	G
C49662130      none	B	[n,o,s:1][c:2]!@[CX4H2:3][CX4:4]	-44.9889	0.972326	-	-	-	-	O
C49662130      none	B	[!#1:1][CX4H2:2]!@[CX4H2:3][!#1:4]	-60.0051	3.77933	-	-	-	-	G
C49662130      none	B	[N:1][C:2](=O)!@[CX4H2:3][CX4H2:4]	-89.9951	1.49864	-	-	-	-	O
C49662130      none	B	[O:1]=[CX3:2]!@[NX3H0:3][!#1:4]	30.2693	0.680979	-	-	-	-	O
C44742644      none	B	[$(C=O):1][NX3H1:2]!@[c:3](s)[n:4]	180	66.092	-	-	-	-	G
C44742644      none	B	[O:1]=[CX3:2]!@[NX3H1:3][!#1:4]	0.00129705	63.7893	-	-	-	-	G
C44742644      none	B	[cH1:1][c:2]([cH1])!@[C:3]([NH1,NH2])=[O:4]	-26.9978	8.39053	-	-	-	-	G
C37317248      none	B	[cH1:1][c:2]([cH1])!@[NX3:3][CX4:4]	90.003	0.924685	-	-	-	-	O
C37317248      none	B	[!#1:1][CX4H1:2]!@[NX3:3][!#1:4]	77.95	3.82417	-	-	-	-	G
C40909038      none	B	[cH1,n:1][c:2]!@[O:3][CH1:4]	30.2544	3.20388	-	-	-	-	O
C40909038      none	B	[H:1][CX4H1:2]!@[OX2:3][!#1:4]	-59.9991	2.37856	-	-	-	-	G
C40909038      none	B	[a:1][c:2]!@[CX4H1:3][N,O:4]	-60.0019	3.48172	-	-	-	-	G
C37690021      none	B	[a:1][c:2]!@[NX3H1:3][$([CX4r]([C;r])([C;r])):4]	30.0217	0.852273	-	-	-	-	O
C37690021      none	B	[!#1:1][CX4H1:2]!@[NX3:3][!#1:4]	-81.6263	4.33043	-	-	-	-	G
C01394171      none	B	[aH0:1][c:2]([aH0])!@[SX2:3][!#1:4]	179.997	14.0278	-	-	-	-	G
C01394171      none	B	[!#1:1][CX4:2]!@[SX2:3][!#1:4]	180	11.1654	-	-	-	-	G
C01394171      none	B	[!#1:1][CX4H2:2]!@[CX4H2:3][!#1:4]	180	58.554	-	-	-	-	G
C01394171      none	B	[CX3:1]=[CX3:2]!@[CH2:3][C:4]	-119.998	8.72666	-	-	-	-	G
C35230947      none	B	[a:1][c:2]!@[CX4H1:3][N,O:4]	29.9999	3.56196	-	-	-	-	G
C35230947      none	B	[!#1:1][CX4H1:2]!@[NX3:3][!#1:4]	90.0024	2.80893	-	-	-	-	G
C35230947      none	B	[cH0:1][c:2]([cH,nX2H0])!@[NX3H1:3][CX4:4]	89.9983	0	-	-	-	-	R
C35230947      none	B	[O-:1][N+:2](=O)!@[c:3]([cH0])[cH,nX2H0:4]	90.3029	0.274725	-	-	-	-	O
C22011405      none	-	-	-	-	-	-	-	-	-
C37775018      none	B	[!#1:1][CX4H2:2]!@[NX3H1:3][!#1:4]	180	11.3535	-	-	-	-	G
C37775018      none	B	[cH1:1][c:2]([cH1])!@[NX3:3][CX4:4]	0.265312	14.0646	-	-	-	-	G
C37775018      none	B	[cH1,nX2H0:1][c:2]([cH1,nX2H0])!@[NX3r:3][*:4]	0.303243	5.93199	-	-	-	-	G
C64240576      none	B	[aH0:1][c:2]([aH1])!@[SX4:3][!#1:4]	69.9653	11.3606	-	-	-	-	G
C64240576      none	B	[O-:1][N+:2](=O)!@[c:3][a:4]	-0.000598098	18.5814	-	-	-	-	G
C64240576      none	B	[*:1]~[OX2:2]!@[SX4:3]~[*:4]	-160.002	2.64885	-	-	-	-	G
C64240576      none	B	[C:1][CX4H2:2]!@[OX2:3][!#1:4]	-79.9969	3.30412	-	-	-	-	G
C52831124      none	B	[a:1][c:2]!@[CX4H1:3][N,O:4]	-29.9994	3.61778	-	-	-	-	G
C52831124      none	B	[!#1:1][CX4H1:2]!@[NX3:3][!#1:4]	-59.9998	6.546	-	-	-	-	G
C52831124      none	B	[a:1][a:2]!@[NX3:3][!#1:4]	179.999	11.4213	-	-	-	-	G
C41045428      none	B	[a:1][a:2]!@[NX3:3][!#1:4]	19.9974	2.54004	-	-	-	-	G
C41045428      none	B	[!#1:1][CX4H2:2]!@[NX3H1:3][!#1:4]	-120.001	2.14327	-	-	-	-	O
C41045428      none	B	[!#1:1][CX4:2]!@[CX4:3][!#1:4]	-160.126	1.85018	-	-	-	-	G
C50472097      none	B	[aH1:1][c:2]([aH0])!@[SX2:3][*R:4]	179.995	0.510204	-	-	-	-	R
C50472097      none	B	[aH1:1][c:2]([aH0])!@[SX2:3][*R:4]	-29.996	1.53061	-	-	-	-	O
C19804528      none	B	[cH0:1][c:2]([cH0])!@[NX3:3][a:4]	90.0068	4.69256	-	-	-	-	G
C19804528      none	B	[a:1][a:2]!@[NX3:3][!#1:4]	-119.729	1.58818	-	-	-	-	O
C03389307      none	B	[$(C=O):1][O:2]!@[CH2:3]~[C:4]	89.9983	4.53893	-	-	-	-	G
C03389307      none	B	[O:1]=[C:2]!@[O:3]~[C:4]	29.9976	0.0796663	-	-	-	-	R
C03389307      none	B	[$([cH0]!@[*^2]):1][c:2]([cH1])!@[CX3:3]=[O:4]	30.0031	2.36318	-	-	-	-	G
C03389307      none	B	[$(C=O):1][NX3:2]!@[a:3][aH0:4]	150	1.842	-	-	-	-	O
C03389307      none	B	[O:1]=[CX3:2]!@[NX3H1:3][!#1:4]	0.00357262	63.7893	-	-	-	-	G
C03389307      none	B	[!#1:1][CX4H2:2]!@[CX3:3]=[O:4]	59.9921	1.20812	-	-	-	-	G
C03389307      none	B	[!#1:1][CX4:2]!@[SX2:3][!#1:4]	150.004	1.40678	-	-	-	-	G
C03389307      none	B	[aH0:1][c:2]([aH0])!@[SX2:3][!#1:4]	-30.0027	0.51573	-	-	-	-	O
C62789951      none	B	[cH0:1][c:2]([cH,nX2H0])!@[NX3H0:3][CX4:4]	59.7199	3.25838	-	-	-	-	G
C41211155      none	B	[!#1:1][CX4H2:2]!@[CX4H2:3][!#1:4]	179.995	58.554	-	-	-	-	G
C41211155      none	B	[cH1:1][c:2]([cH1])!@[CX4H2:3][CX4:4]	0.00487869	0.634038	-	-	-	-	R
C41211155      none	B	[c:1][c:2]!@[c:3][s,o,nX3H1:4]	-29.9959	2.72579	-	-	-	-	G
C41462332      none	B	[cH0:1][c:2]!@[CX4H2:3][CX3:4]	89.9994	10.5615	-	-	-	-	G
C41462332      none	B	[a:1][c:2]!@[CX4H2:3][!#1:4]	-89.9984	7.30446	-	-	-	-	G
C41462332      none	B	[*:1][CX4:2]!@[O:3][CX4:4]	-79.9987	2.64732	-	-	-	-	G
C41462332      none	B	[c:1][CX4H2:2]!@[CX3:3]=[O:4]	30.0022	5.41311	-	-	-	-	G
C41462332      none	B	[O:1]=[CX3:2]!@[NX3H0:3][!#1:4]	30.2682	0.680979	-	-	-	-	O
C38053526      none	B	[*:1]~[CX4:2]!@[n:3]~[*:4]	-59.9999	3.65221	-	-	-	-	G
C41324724      none	B	[c:1][c:2]!@[c:3]([cH0])[nX2H0:4]	-150.006	4.13223	-	-	-	-	G
C05538852      none	B	[a:1][c:2]!@[CX4H2:3][!#1:4]	-7.99802e-05	2.24426	-	-	-	-	O
C05538852      none	B	[c:1][CX4H2:2]!@[OX2:3][C:4]	180	23.858	-	-	-	-	G
C05538852      none	B	[O:1]=[C:2]!@[O:3]~[C:4]	-0.00737514	74.4927	-	-	-	-	G
C05538852      none	B	[N:1][CX4:2]!@[CX3:3]=[O:4]	-29.9969	5.37503	-	-	-	-	G
C05538852      none	B	[$([CX3]=O):1][NX3H0:2](C)!@[CX4H2:3][C:4]	-60.2862	0.686106	-	-	-	-	O
C01331989      none	B	[O:1]=[C:2]!@[NX3H0:3]([a:4])[A]	30.0295	0.827016	-	-	-	-	O
C01331989      none	B	[!#1:1][CX4H2:2]!@[CX3:3]=[O:4]	-0.00988272	19.1789	-	-	-	-	G
C01331989      none	B	[!#1:1][CH2:2]!@[n:3][cH0:4]	135.273	0.318742	-	-	-	-	R
C51172880      none	B	[a:1][c:2]!@[CX4H1:3][N,O:4]	89.9979	1.22453	-	-	-	-	G
C51172880      none	B	[a:1][c:2]!@[CX4H1:3][N,O:4]	149.997	3.7643	-	-	-	-	G
C57796849      none	B	[aH0:1][c:2]([aH0])!@[SX2:3][!#1:4]	149.998	0.567303	-	-	-	-	O
C57796849      none	B	[aH1:1][c:2]([aH0])!@[SX2:3][*R:4]	-30.0039	1.53061	-	-	-	-	O
C50863850      none	B	[!#1:1][CX4H2:2]!@[NX3H1:3][!#1:4]	90.0027	6.33327	-	-	-	-	G
C50863850      none	B	[a:1][a:2]!@[NX3:3][!#1:4]	0.258528	10.9271	-	-	-	-	G
C50863850      none	B	[a:1][c:2]!@[CX4H1:3][H:4]	60.0058	1.05062	-	-	-	-	G
C53067519      none	B	[C:1][CX4:2]!@[NX3:3][C:4]	180	4.61514	-	-	-	-	G
C47558620      none	B	[a:1][c:2]!@[CX4H2:3][!#1:4]	135.003	1.69481	-	-	-	-	O
C47558620      none	B	[!#1:1][CX4:2]!@[SX2:3][!#1:4]	160.004	2.91722	-	-	-	-	G
C47558620      none	B	[aH0:1][c:2]([aH0])!@[SX2:3][!#1:4]	-30.001	0.51573	-	-	-	-	O
C44396049      none	B	[cH0:1][c:2]!@[CX4H2:3][CX4:4]	-90.0198	18.481	-	-	-	-	G
C44396049      none	B	[!#1:1][CX4H2:2]!@[CX4H2:3][!#1:4]	179.998	58.554	-	-	-	-	G
C44396049      none	B	[!#1:1][CX4H2:2]!@[CX4H2:3][!#1:4]	180	58.554	-	-	-	-	G
C54823637      none	B	[c:1][c:2](c)!@[O:3][$(C([F])([F])[F]):4]	89.8682	19.3548	-	-	-	-	G
C54823637      none	B	[a:1][c:2]!@[NX3H1:3][$([CX4r]([C;r])([C;r])):4]	179.997	15.9091	-	-	-	-	G
C54823637      none	B	[!#1:1][CX4H1:2]!@[NX3:3][!#1:4]	-81.9651	4.33043	-	-	-	-	G
C37938837      none	B	[cH0:1][c:2]([cH,nX2H0])!@[NX3H1:3][CX4:4]	180	49.7854	-	-	-	-	G
C37938837      none	B	[!#1:1][CX4H1:2]!@[NX3:3][!#1:4]	59.9944	5.65868	-	-	-	-	G
C37938837      none	B	[a:1][c:2]!@[CX4H1:3][N,O:4]	149.998	3.7643	-	-	-	-	G
C40010031      none	B	[!#1:1][CH2:2]!@[n:3][cH0:4]	90.3266	14.7896	-	-	-	-	G
C40010031      none	B	[a:1][ar5:2]!@[ar5:3][a:4]	-59.6991	1.04962	-	-	-	-	G
C40010031      none	B	[aH0:1][c:2]([aH0])!@[SX2:3][!#1:4]	179.998	14.0278	-	-	-	-	G
C40010031      none	B	[!#1:1][CX4:2]!@[SX2:3][!#1:4]	159.998	2.91722	-	-	-	-	G
C40010031      none	B	[a:1][c:2]!@[CX4H2:3][!#1:4]	-134.684	2.0362	-	-	-	-	O
C50978196      none	B	[a:1][c:2]!@[CX4H1:3][H:4]	-120.002	0.954033	-	-	-	-	G
C50978196      none	B	[c:1][CX4:2]!@[CX3:3]=[O:4]	119.998	3.72108	-	-	-	-	G
C50978196      none	B	[O:1]=[C:2]!@[O:3]~[C:4]	0.00210987	74.4927	-	-	-	-	G
C55200334      none	B	[C:1][CX4:2]!@[CX3:3]=[O:4]	-60.0034	2.40592	-	-	-	-	G
C55200334      none	B	[cH1:1][c:2]([cH1])!@[CX3:3]=[O:4]	-149.717	3.39656	-	-	-	-	O
C37077758      none	B	[cH0:1][c:2]([nX2])!@[O:3][C:4]	180	62.7507	-	-	-	-	G
C37077758      none	B	[aH1:1][c:2]([aH0])!@[SX2:3][*R:4]	-60.0038	0.765306	-	-	-	-	O
C37077758      none	B	[aH1:1][c:2]([aH1])!@[SX2:3][!#1:4]	0.00406744	4.86305	-	-	-	-	G
C67120307      none	B	[a:1][c:2]!@[NX3H1:3][$([CX4r]([C;r])([C;r])):4]	-119.998	0.284091	-	-	-	-	R
C67120307      none	B	[!#1:1][CX4H1:2]!@[NX3:3][!#1:4]	-159.998	2.4687	-	-	-	-	G
C50456040      none	B	[aH1:1][c:2]([aH1])!@[SX2:3][!#1:4]	-90.0011	4.47177	-	-	-	-	G
C50456040      none	B	[aH0:1][c:2]([aH0])!@[SX2:3][!#1:4]	-150.003	0.43837	-	-	-	-	O
C50456040      none	B	[O-:1][N+:2](=O)!@[c:3]([cH0])[cH0:4]	89.9888	5.69106	-	-	-	-	G
C44029305      none	B	[a:1][c:2]!@[CX4H1:3][H:4]	89.9978	0.477016	-	-	-	-	O
C44029305      none	B	[a:1][c:2]!@[CX4H1:3][H:4]	29.9928	4.04281	-	-	-	-	G
C44029305      none	B	[O:1]=[CX3:2]!@[NX3H0:3][!#1:4]	150	1.73707	-	-	-	-	O
C44029305      none	B	[O:1]=[C:2]!@[O:3]~[CH0:4]	-60.001	0	-	-	-	-	R
C44029305      none	B	[!#1:1][CX4H0:2]!@[OX2:3][!#1:4]	60.0025	19.4328	-	-	-	-	G
C37613725      none	B	[c:1][c:2]!@[c:3][s,o,nX3H1:4]	-30.0017	2.72579	-	-	-	-	G
C37613725      none	B	[a:1][c:2]!@[CX4H2:3][!#1:4]	44.9963	1.59785	-	-	-	-	O
C37613725      none	B	[*:1]~[CX4:2]!@[NX4:3]~[*:4]	60.003	15.3058	-	-	-	-	G
C37613725      none	B	[*:1]~[CX4:2]!@[NX4:3]~[*:4]	-59.995	15.3415	-	-	-	-	G
C37613725      none	B	[!#1:1][CX4:2]!@[CX4:3][!#1:4]	-91.376	0.488284	-	-	-	-	O
CHEMBL274513      none	B	[cH1:1][c:2]([cH1])!@[O:3][C:4]	-90.0018	0.464773	-	-	-	-	R
CHEMBL274513      none	B	[c:1][CX4H2:2]!@[OX2:3][c:4]	-150.003	1.12166	-	-	-	-	R
CHEMBL274513      none	B	[a:1][c:2]!@[CX4H2:3][!#1:4]	0.300026	2.24426	-	-	-	-	O
CHEMBL274513      none	B	[a:1][c:2]!@[CX4H1:3][H:4]	64.3335	1.05062	-	-	-	-	O
C67448467      none	B	[cH1,n:1][c:2]!@[O:3][CRH1:4]	59.9786	0.203252	-	-	-	-	R
C67448467      none	B	[H:1][CX4H1:2]!@[OX2:3][!#1:4]	-30.0027	9.1924	-	-	-	-	G
C67448467      none	B	[$(C=O):1][NX3H0:2]!@[c:3]([cH1])[cH1:4]	149.956	1.18925	-	-	-	-	G
C67448467      none	B	[O-:1][N+:2](=O)!@[c:3]([cH,nX2H0])[cH,nX2H0:4]	-179.768	23.2156	-	-	-	-	G
C08755368      none	B	[O-:1][N+:2](=O)!@[c:3]([cH0])[cH0:4]	-0.0467871	4.36992	-	-	-	-	G
C08755368      none	B	[*:1]~[CX4:2]!@[n:3]~[*:4]	-90.0033	3.28413	-	-	-	-	G
C08755368      none	B	[!#1:1][CX4:2]!@[CX4:3][!#1:4]	-60.001	12.2558	-	-	-	-	G
C43321919      none	-	-	-	-	-	-	-	-	-
C03141236      none	B	[cH0:1][c:2]([cH0])!@[O:3][C:4]	90.0009	14.2516	-	-	-	-	G
C54160802      none	B	[cH1:1][c:2]([cH1])!@[CX4H2:3][CX4:4]	29.9863	0.378198	-	-	-	-	R
C54160802      none	B	[c:1][c:2]!@[c:3][s,o,nX3H1:4]	159.993	3.02726	-	-	-	-	G
C54160802      none	B	[a:1][c:2]!@[CX4H1:3][N,O:4]	179.989	1.64318	-	-	-	-	G
C52814134      none	B	[a:1][a:2]!@[NX3:3][!#1:4]	120.001	1.62057	-	-	-	-	O
C52814134      none	B	[cH1:1][c:2]([cH0])!@[NX3:3][a:4]	30.2713	5.36829	-	-	-	-	G
C52814134      none	B	[c:1][c:2](c)!@[O:3][$(C([F])([F])[F]):4]	179.996	1.6129	-	-	-	-	R
C36954100      none	B	[cH0:1][c:2]([cH,nX2H0])!@[NX3H1:3][CX4:4]	-159.995	4.72103	-	-	-	-	O
C36954100      none	B	[!#1:1][CX4H2:2]!@[NX3H1:3][!#1:4]	-119.998	2.14327	-	-	-	-	O
C36954100      none	B	[!#1:1][CX4:2]!@[CX4:3][!#1:4]	-164.936	1.85018	-	-	-	-	G
C48766151      none	B	[a:1][c:2]!@[CX4H2:3][CX3:4]	-45.0067	0.990525	-	-	-	-	O
C48766151      none	B	[c:1][CX4H2:2]!@[CX3:3]=[O:4]	-59.9881	1.56695	-	-	-	-	G
C48766151      none	B	[O:1]=[C:2]!@[O:3]~[C:4]	-0.00689656	74.4927	-	-	-	-	G
C48766151      none	B	[c:1][CX4H2:2]!@[OX2:3][C:4]	-119.997	0.555556	-	-	-	-	G
C48766151      none	B	[a:1][c:2]!@[CX4H2:3][!#1:4]	135.316	1.69481	-	-	-	-	O
C61146940      none	B	[!#1:1][CH2:2]!@[n:3][cH0:4]	-90.001	15.4696	-	-	-	-	G
C61146940      none	B	[!#1:1][CX4:2]!@[CX4:3][!#1:4]	83.4677	1.75235	-	-	-	-	G
C44186493      none	B	[!#1:1][CX4H2:2]!@[CX4H2:3][!#1:4]	-60.0013	3.77933	-	-	-	-	G
C44186493      none	B	[!#1:1][CX4:2]!@[CX4:3][!#1:4]	-60.0052	12.2558	-	-	-	-	G
C44186493      none	B	[*:1]~[CX4:2]!@[n:3]~[*:4]	-0.00402966	3.06862	-	-	-	-	G
CHEMBL595      none	B	[cH1:1][c:2]([cH1])!@[CX4H2:3][CX4:4]	89.9951	11.713	-	-	-	-	G
CHEMBL595      none	B	[n,o,s:1][c:2]!@[CX4H2:3][CX4:4]	30.0036	1.42109	-	-	-	-	O
CHEMBL595      none	B	[!#1:1][CX4H2:2]!@[CX4H2:3][!#1:4]	180	58.554	-	-	-	-	G
CHEMBL595      none	B	[C:1][CX4H2:2]!@[OX2:3][c:4]	59.9971	0.147399	-	-	-	-	G
CHEMBL595      none	B	[cH1:1][c:2]([cH1])!@[O:3][C:4]	-149.713	0.243246	-	-	-	-	R
CHEMBL595      none	B	[cH1:1][c:2]([cH1])!@[CX4H2:3][CX4:4]	-89.9788	11.9355	-	-	-	-	G
CHEMBL595      none	B	[!#1:1][CX4:2]!@[CX4:3][!#1:4]	-55.1809	12.2558	-	-	-	-	G
C43444125      none	B	[cH0:1][c:2]([cH,nX2H0])!@[NX3H1:3][CX4:4]	-0.034254	0.286123	-	-	-	-	R
C43444125      none	B	[!#1:1][CX4H2:2]!@[NX3H1:3][!#1:4]	179.999	11.3535	-	-	-	-	G
C43444125      none	B	[!#1:1][CX4H2:2]!@[CX4H2:3][!#1:4]	-59.9933	3.77933	-	-	-	-	G
C43444125      none	B	[!#1:1][CX4H2:2]!@[CX4H2:3][!#1:4]	-60.0065	3.77933	-	-	-	-	G
C01590473      none	B	[a:1][c:2]!@[CX4H0:3][CX4:4]	0.00257843	4.9669	-	-	-	-	G
C01590473      none	B	[$(C=O):1][NX3H1:2]!@[c:3]([cH1])[cH1:4]	149.984	5.05437	-	-	-	-	G
C01590473      none	B	[O:1]=[CX3:2]([$([NX3H1]C)])!@[NX3H1:3][!#1:4]	-0.00874253	41.1343	-	-	-	-	G
C01590473      none	B	[O:1]=[CX3:2]([$([NX3H1]C)])!@[NX3H1:3][!#1:4]	180	9.5176	-	-	-	-	R
C61682417      none	B	[!#1:1][CX4H1:2]!@[NX3:3][!#1:4]	-149.998	2.59662	-	-	-	-	G
C61682417      none	B	[a:1][c:2]!@[NX3H1:3][$([CX4r]([C;r])([C;r])):4]	59.995	1.13636	-	-	-	-	R
C61682417      none	B	[*:1]~[CX4:2]!@[n:3]~[*:4]	-119.998	3.09532	-	-	-	-	G
C29018148      none	B	[s:1][c:2]!@[C:3]([NH1])=[O:4]	-60.0327	0	-	-	-	-	R
C29018148      none	B	[O:1]=[CX3:2]!@[NX3H1:3][!#1:4]	0.000858473	63.7893	-	-	-	-	G
C29018148      none	B	[*:1]~[NX3:2]!@[NX3:3]~[*:4]	0.305403	6.26726	-	-	-	-	G
C61121081      none	B	[c:1][c:2]!@[c:3][s,o,nX3H1:4]	149.996	2.6253	-	-	-	-	G
C61121081      none	B	[a:1][c:2]!@[CX4H1:3][N,O:4]	-59.9898	3.48172	-	-	-	-	G
C61121081      none	B	[*:1]~[CX4:2]!@[NX4:3]~[*:4]	59.9905	15.3058	-	-	-	-	G
C42586476      none	B	[a:1][c:2]!@[CX4H1:3][N,O:4]	120.005	3.12238	-	-	-	-	G
C42586476      none	B	[!#1:1][CX4H1:2]!@[NX3:3][!#1:4]	60.001	5.65868	-	-	-	-	G
C42586476      none	B	[cH0:1][c:2]([cH,nX2H0])!@[NX3H1:3][CX4:4]	179.998	49.7854	-	-	-	-	G
C40714038      none	B	[!#1:1][CX4:2]!@[SX2:3][!#1:4]	180	11.1654	-	-	-	-	G
C40714038      none	B	[aH0:1][c:2]([aH0])!@[SX2:3][!#1:4]	-119.997	1.95977	-	-	-	-	G
C53010481      none	B	[*:1]~[CX4:2]!@[NX4:3]~[*:4]	60.0015	15.3058	-	-	-	-	G
C53010481      none	B	[*:1]~[CX4:2]!@[NX4:3]~[*:4]	-59.9944	15.3415	-	-	-	-	G
C53010481      none	B	[!#1:1][CX4:2]!@[CX4:3][!#1:4]	-176.861	22.1548	-	-	-	-	G
C53010481      none	B	[cH1,nX2H0:1][c:2]([cH1,nX2H0])!@[NX3r:3][*:4]	180	6.12375	-	-	-	-	G
C09201167      none	B	[!#1:1][CH2:2]!@[n:3][cH0:4]	180	0.148746	-	-	-	-	R
C09201167      none	B	[cH1:1][c:2]([cH0])!@[CX3x0:3]=[NX2:4]	30.0039	0.850762	-	-	-	-	G
C09201167      none	B	[*:1]~[NX3:2]!@[NX2:3]~[*:4]	179.994	29.4914	-	-	-	-	G
C09201167      none	B	[O:1]=[CX3:2]!@[NX3H1:3][!#1:4]	0.00803299	63.7893	-	-	-	-	G
C09201167      none	B	[cH0:1][c:2]([cH1])!@[CX3:3]([NX3H1])=[O:4]	-90.0101	1.04439	-	-	-	-	O
C50865462      none	B	[a:1][a:2]!@[NX3:3][!#1:4]	-0.00376011	10.9271	-	-	-	-	G
C50865462      none	B	[nH0r6:1][cr6:2]([nH0r6])!@[cr6:3]([cH1r6])[cH1r6:4]	180	16.9718	-	-	-	-	G
C36887823      none	B	[cH1,n:1][c:2]!@[O:3][CRH1:4]	-89.9961	0.203252	-	-	-	-	R
C36887823      none	B	[a:1][c:2]!@[C:3](=[N:4])	150.001	1.64764	-	-	-	-	G
C36887823      none	B	[H:1][CX4H1:2]!@[OX2:3][!#1:4]	-29.9951	9.1924	-	-	-	-	G
C37130344      none	B	[a:1][c:2]!@[NX3H1:3][$([CX4r]([C;r])([C;r])):4]	-89.9821	0	-	-	-	-	R
C37130344      none	B	[!#1:1][CX4H1:2]!@[NX3:3][!#1:4]	-158.101	2.4687	-	-	-	-	G
C63046140      none	B	[!#1:1][CX4H2:2]!@[CX4H2:3][!#1:4]	-59.9976	3.77933	-	-	-	-	G
C63046140      none	B	[n,o,s:1][c:2]!@[CX4H2:3][CX4:4]	-30.002	1.04712	-	-	-	-	O
C63046140      none	B	[a:1][c:2]!@[CX4H1:3][H:4]	-150.003	3.82796	-	-	-	-	G
C63046140      none	B	[!#1:1][CX4:2]!@[CX4:3][!#1:4]	60.0009	12.3771	-	-	-	-	G
C27835969      none	B	[!#1:1][CX4:2]!@[CX4:3][!#1:4]	-175.18	22.1548	-	-	-	-	G
C27835969      none	B	[a:1][c:2]!@[CX4H0:3][CX4:4]	90.0008	2.55552	-	-	-	-	O
C27835969      none	B	[a:1][a:2]!@[NX3:3][!#1:4]	119.999	1.62057	-	-	-	-	O
C27835969      none	B	[cH1:1][c:2]([cH0])!@[NX3:3][a:4]	-29.7214	5.36829	-	-	-	-	G
CHEMBL18101      none	B	[C:1][CH2:2]!@[O:3][CX4:4]	-79.9997	1.18773	-	-	-	-	G
CHEMBL18101      none	B	[OX2:1][CX4:2]!@[CX4:3][OX2:4]	83.6484	2.87509	-	-	-	-	O
CHEMBL18101      none	B	[$(C=O):1][NX3H0:2]!@[c:3]([cH1])[cH1:4]	149.992	1.18925	-	-	-	-	G
CHEMBL18101      none	B	[cH1:1][c:2]([cH1])!@[O:3][C:4]	-29.9912	0.195465	-	-	-	-	O
CHEMBL18101      none	B	[C:1][CX4H2:2]!@[OX2:3][c:4]	-149.999	1.28448	-	-	-	-	O
CHEMBL18101      none	B	[!#1:1][CX4H2:2]!@[CX4H2:3][!#1:4]	-60.0054	3.77933	-	-	-	-	G
CHEMBL18101      none	B	[!#1:1][CX4:2]!@[CX4:3][!#1:4]	180	22.1548	-	-	-	-	G
C51886378      none	B	[cH0:1][c:2]([cH,nX2H0])!@[NX3H0:3][CX4:4]	-179.715	4.9564	-	-	-	-	G
C51886378      none	B	[!#1:1][CX4:2]!@[CX4:3][!#1:4]	60.0002	12.3771	-	-	-	-	G
C37182212      none	B	[aH1:1][c:2]([aH1])!@[SX2:3][!#1:4]	-59.9986	2.06819	-	-	-	-	G
C37182212      none	B	[!#1:1][CX4:2]!@[SX2:3][!#1:4]	-149.997	1.30312	-	-	-	-	G
C37182212      none	B	[!#1:1][CX4:2]!@[CX4:3][!#1:4]	-40.0234	0.976141	-	-	-	-	G
C49671166      none	B	[a:1][c:2]!@[CX4H1:3][a:4]	-90.0173	4.08085	-	-	-	-	G
C49671166      none	B	[a:1][c:2]!@[CX4H1:3][a:4]	-59.9992	3.71511	-	-	-	-	G
C49671166      none	B	[a:1][c:2]!@[CX4H2:3][a:4]	-134.994	2.23684	-	-	-	-	O
C49671166      none	B	[cH0:1][c:2]!@[CX4H2:3][a:4]	-60.2724	3.32805	-	-	-	-	G
C43895752      none	B	[aH0:1][c:2]([aH0])!@[SX2:3][!#1:4]	60.0019	2.01135	-	-	-	-	G
C43895752      none	B	[!#1:1][CX4:2]!@[SX2:3][!#1:4]	160.004	2.91722	-	-	-	-	G
C43895752      none	B	[a:1][c:2]!@[CX4H2:3][!#1:4]	-44.728	1.62815	-	-	-	-	O
C43895752      none	B	[c:1][c:2]!@[c:3][s,o,nX3H1:4]	150.295	2.6253	-	-	-	-	G
C40230272      none	B	[cH0:1][c:2]([cH,nX2H0])!@[NX3H1:3][CX4:4]	-160.01	4.72103	-	-	-	-	O
C40230272      none	B	[!#1:1][CX4H2:2]!@[NX3H1:3][!#1:4]	-150.004	1.95018	-	-	-	-	O
C40230272      none	B	[a:1][c:2]!@[CX4H2:3][!#1:4]	-89.7149	7.30446	-	-	-	-	G
C43522439      none	B	[*:1]~[CX4:2]!@[n:3]~[*:4]	59.9933	3.54922	-	-	-	-	G
C15748130      none	B	[nX2r6:1][cH0r6:2]([cH1r6])!@[CX4H2:3][O!H:4]	180	17.5676	-	-	-	-	G
C15748130      none	B	[c:1][CX4H2:2]!@[OX2:3][C:4]	120.001	0.339506	-	-	-	-	G
C15748130      none	B	[O:1]=[C:2]!@[O:3]~[C:4]	-0.00184503	74.4927	-	-	-	-	G
C15748130      none	B	[cH1:1][c:2]([cH1])!@[CX3:3]=[O:4]	30.2713	3.1746	-	-	-	-	O
C02731325      none	B	[s:1][c:2]!@[C:3]([NH1])=[O:4]	0.00959013	23.0769	-	-	-	-	G
C02731325      none	B	[O:1]=[CX3:2]!@[NX3H1:3][!#1:4]	-0.00184605	63.7893	-	-	-	-	G
C02731325      none	B	[$([CX3]=O):1][NX3H1:2]!@[CX4H2:3][C:4] 	149.998	1.43139	-	-	-	-	O
C02731325      none	B	[OX2:1][CX4:2]!@[CX4:3][N:4]	-176.644	9.8427	-	-	-	-	G
C01841073      none	-	-	-	-	-	-	-	-	-
C50979709      none	B	[O:1]=[CX3:2]!@[NX3H1:3][!#1:4]	0.000484837	63.7893	-	-	-	-	G
C50979709      none	B	[c:1][CX4:2]!@[CX3:3]=[O:4]	-89.9972	5.19074	-	-	-	-	G
C50979709      none	B	[a:1][c:2]!@[CX4H1:3][H:4]	-89.9953	0.504612	-	-	-	-	O
C50979709      none	B	[c:1][c:2](c)!@[O:3][$(C([F])([F])[F]):4]	150.002	0	-	-	-	-	R
C41241886      none	B	[!#1:1][CX4H2:2]!@[CX4H2:3][!#1:4]	180	58.554	-	-	-	-	G
C41241886      none	B	[!#1:1][CX4:2]!@[CX4:3][!#1:4]	-79.9957	1.71775	-	-	-	-	G
C41241886      none	B	[!#1:1][CX4:2]!@[CX4:3][!#1:4]	80.0017	1.75235	-	-	-	-	G
C41241886      none	B	[a:1][c:2]!@[CX4H1:3][H:4]	-59.9873	1.09004	-	-	-	-	G
C67650811      none	B	[c:1][c:2]!@[c:3][s,o,nX3H1:4]	-0.00438796	17.837	-	-	-	-	G
C67650811      none	B	[a:1][c:2]!@[CX4H2:3][a:4]	179.997	2.38722	-	-	-	-	O
C67650811      none	B	[!#1:1][CH2:2]!@[n:3][a:4]	135.298	0.423307	-	-	-	-	O
C62523430      none	-	-	-	-	-	-	-	-	-
C32936841      none	B	[cH0:1][c:2]!@[CX4H2:3][N,O,S:4]	-45.0065	1.84995	-	-	-	-	G
C32936841      none	B	[c:1][CX4H2:2]!@[OX2:3][!#1:4]	179.999	27.6153	-	-	-	-	G
C32936841      none	B	[*:1]~[NX2:2]!@[OX2:3]~[*:4]	-150.002	1.10574	-	-	-	-	R
C34444790      none	B	[*:1]~[NX3:2]!@[NX2:3]~[*:4]	29.999	0.812338	-	-	-	-	O
C34444790      none	B	[cH1:1][c:2]([cH1])!@[CX3:3]=[NX2:4]	-89.7228	0.478755	-	-	-	-	O
C48484438      none	B	[$(C=O):1][O:2]!@[CH1:3][H:4]	-29.9984	11.3505	-	-	-	-	G
C48484438      none	B	[O:1]=[C:2]!@[O:3]~[C:4]	0.000654459	74.4927	-	-	-	-	G
C48484438      none	B	[!#1:1][CX4H2:2]!@[CX3:3]=[O:4]	59.9906	1.20812	-	-	-	-	G
C48484438      none	B	[!#1:1][CX4:2]!@[SX2:3][!#1:4]	90.0032	2.8728	-	-	-	-	G
C48484438      none	B	[aH1:1][c:2]([aH1])!@[SX2:3][!#1:4]	120.277	2.09614	-	-	-	-	O
C60712235      none	B	[!#1:1][CH2:2]!@[n:3][a:4]	0.306032	0.0996016	-	-	-	-	R
C60712235      none	B	[a:1][c:2]!@[CX4H1:3][H:4]	-119.993	0.954033	-	-	-	-	G
C48631186      none	B	[a:1][a:2]!@[NX3:3][!#1:4]	19.9963	2.54004	-	-	-	-	G
C48631186      none	B	[!#1:1][CX4H2:2]!@[NX3H1:3][!#1:4]	-149.996	1.95018	-	-	-	-	O
C03676490      none	-	-	-	-	-	-	-	-	-
C08244377      none	B	[O:1]=[C:2]!@[O:3]~[C:4]	0.00508629	74.4927	-	-	-	-	G
C08244377      none	B	[a:1][a:2]!@[CX3:3]=[O:4]	-59.6911	0.753398	-	-	-	-	O
C08244377      none	B	[a:1][c:2]!@[CX4H2:3][a:4]	89.9969	4.86842	-	-	-	-	G
C08244377      none	B	[!#1:1][CH2:2]!@[n:3][cH0:4]	-135.002	0.148746	-	-	-	-	R
C41048920      none	B	[cH0:1][c:2]([cH1])!@[c:3]([cH0:4])[cH1]	119.969	4.5208	-	-	-	-	G
C54862870      none	B	[a:1][a:2]!@[NX3:3][!#1:4]	-29.7156	1.93298	-	-	-	-	O
C11757151      none	B	[!#1:1][CX4H2:2]!@[CX4H2:3][!#1:4]	-59.9989	3.77933	-	-	-	-	G
C11757151      none	B	[!#1:1][CH2:2]!@[n:3][cH0:4]	135.299	0.318742	-	-	-	-	R
C00125272      none	B	[a:1][a:2]!@[NX3:3][!#1:4]	-30.0069	1.93298	-	-	-	-	O
C00125272      none	B	[*:1]~[CX3:2]!@[NX3:3]~[*:4]	180	27.0317	-	-	-	-	G
C37182507      none	B	[aH1:1][c:2]([aH1])!@[SX2:3][!#1:4]	-0.000391154	4.86305	-	-	-	-	G
C37182507      none	B	[!#1:1][CX4:2]!@[SX2:3][!#1:4]	180	11.1654	-	-	-	-	G
C37182507      none	B	[!#1:1][CX4:2]!@[CX4:3][!#1:4]	82.0714	1.75235	-	-	-	-	G
C65632840      none	B	[*:1]~[CX3:2]!@[NX2:3]~[*:4]	-30.0105	0.217973	-	-	-	-	O
C65632840      none	B	[nX2H0:1][a:2]([nX2H0])!@[CX3:3]=[O:4]	0.310913	22.8814	-	-	-	-	G
C38073536      none	B	[cH1:1][c:2]([cH1])!@[c:3]([cH1:4])[cH1]	-29.7214	8.20146	-	-	-	-	G
C38073536      none	B	[a:1][c:2]!@[CX4H1:3][N,O:4]	179.995	1.64318	-	-	-	-	G
C37169429      none	B	[nH0r6:1][cr6:2]([nH0r6])!@[cr6:3]([cH1r6])[cH1r6:4]	-179.749	16.9718	-	-	-	-	G
C60549304      none	B	[aH0:1][c:2]([aH0])!@[SX2:3][!#1:4]	-120.001	1.95977	-	-	-	-	G
C60549304      none	B	[a:1][c:2]!@[C:3]([NH1,NH2])=[O:4]	150.003	5.34677	-	-	-	-	O
C60549304      none	B	[O:1]=[CX3:2]!@[NX3H1:3][!#1:4]	-0.00256001	63.7893	-	-	-	-	G
C60549304      none	B	[$(C=O):1][NX3H1:2]!@[c:3]([cH0]Cl)[cH:4]	-29.7265	1.88679	-	-	-	-	G
C44713334      none	-	-	-	-	-	-	-	-	-
C04086207      none	B	[c:1][c:2]!@[c:3][s,o,nX3H1:4]	-179.687	12.4984	-	-	-	-	G
C16253518      none	B	[aH0:1][c:2]([aH0])!@[SX2:3][!#1:4]	0.00170862	13.1253	-	-	-	-	G
C16253518      none	B	[!#1:1][CX4:2]!@[SX2:3][!#1:4]	-150.004	1.30312	-	-	-	-	G
C16253518      none	B	[!#1:1][CX4H2:2]!@[CX3:3]=[O:4]	150.001	0.887211	-	-	-	-	O
C16253518      none	B	[O:1]=[C:2]!@[O:3]~[C:4]	-0.00203005	74.4927	-	-	-	-	G
C16253518      none	B	[c:1][CX4H2:2]!@[OX2:3][C:4]	180	23.858	-	-	-	-	G
C16253518      none	B	[cH0:1][c:2]!@[CX4H2:3][N,O,S:4]	-134.994	0.856458	-	-	-	-	G
C44184802      none	B	[O-:1][N+:2](=O)!@[c:3]([cH0])[cH,nX2H0:4]	89.9853	0.274725	-	-	-	-	O
C59833052      none	B	[!#1:1][CH2:2]!@[n:3][a:4]	135.308	0.423307	-	-	-	-	O
C59833052      none	B	[cH1:1][c:2]([cH1])!@[CX3:3]=[NX2:4]	-120.003	0.897666	-	-	-	-	O
C59833052      none	B	[*:1]~[NX2:2]!@[nX3:3]~[*:4]	-89.7202	0.976563	-	-	-	-	G
C35369695      none	B	[a:1][c:2]!@[CX4H2:3][CX3:4]	135.001	0.732127	-	-	-	-	O
C35369695      none	B	[c:1][CX4H2:2]!@[CX3:3]=[O:4]	29.9985	5.41311	-	-	-	-	G
C35369695      none	B	[s:1][c:2]([aX2,cH1])!@[CX3:3]=[O:4]	179.995	12.4339	-	-	-	-	R
C50866836      none	B	[n,o,s:1][c:2]!@[CX4H2:3][CX4:4]	-0.00280775	6.43231	-	-	-	-	G
C50866836      none	B	[a,!nX2H0:1][a:2]([!nX2H0])!@[a:3]([nX2H0])[nX2H0:4]	-179.417	32.5	-	-	-	-	G
C36678396      none	B	[!#1:1][CX4:2]!@[CX4:3][!#1:4]	-80.001	1.71775	-	-	-	-	G
C36678396      none	B	[!#1:1][CX4:2]!@[CX3H0:3][!#1:4]	179.998	7.26386	-	-	-	-	G
C36678396      none	B	[!#1:1][CH2:2]!@[n:3][cH0:4]	-89.9977	15.4696	-	-	-	-	G
C01398855      none	B	[!#1:1][CX4:2]!@[SX2:3][!#1:4]	60.0037	7.53739	-	-	-	-	G
C01398855      none	B	[aH0:1][c:2]([aH0])!@[SX2:3][!#1:4]	-149.997	0.43837	-	-	-	-	O
C01398855      none	B	[c:1][c:2]!@[c:3]([cH0])[nX2H0:4]	-29.9964	5.06198	-	-	-	-	G
C01398855      none	B	[cH1:1][a:2]([cH1])!@[a:3]([sX2,o,nX2H0,nX3H1:4])([cH1])	-29.4571	3.71145	-	-	-	-	G
C37654059      none	B	[a:1][a:2]!@[NX3:3][!#1:4]	-30.0014	1.93298	-	-	-	-	O
C37654059      none	B	[cH1:1][c:2]([cH1])!@[NX3:3][a:4]	-29.7253	4.48578	-	-	-	-	G
C41088132      none	B	[$(C=O):1][O:2]!@[CH1:3][H:4]	0.00429165	9.45727	-	-	-	-	G
C41088132      none	B	[O:1]=[C:2]!@[O:3]~[C:4]	60.0011	0.00468626	-	-	-	-	R
C41088132      none	B	[cH1:1][c:2]([cH1])!@[CX3:3]=[O:4]	150.268	3.28558	-	-	-	-	G
C48622787      none	B	[!#1:1][CX4:2]!@[CX4:3][!#1:4]	60.0042	12.3771	-	-	-	-	G
C48622787      none	B	[!#1:1][CX4H2:2]!@[CX4H2:3][!#1:4]	180	58.554	-	-	-	-	G
C48622787      none	B	[n,o,s:1][c:2]!@[CX4H2:3][CX4:4]	0.271042	6.43231	-	-	-	-	G
C50327247      none	B	[*:1]~[CX4:2]!@[NX4:3]~[*:4]	59.9946	15.3058	-	-	-	-	G
C50327247      none	B	[a:1][c:2]!@[CX4H1:3][N,O:4]	120	3.12238	-	-	-	-	G
C50327247      none	B	[c:1][CX4:2]!@[CX3:3][C:4]	-90.3075	5.27523	-	-	-	-	O
C27907938      none	B	[OX2:1][CX4:2]!@[CX4:3][N:4]	83.3561	3.55056	-	-	-	-	O
C27907938      none	B	[$(C=O):1][NX3H1:2]!@[CX4H1:3][H:4]	-29.9942	6.97413	-	-	-	-	G
C27907938      none	B	[O:1]=[CX3:2]!@[NX3H1:3][!#1:4]	-0.00512867	63.7893	-	-	-	-	G
C27907938      none	B	[!#1:1][CX4H2:2]!@[CX3:3]=[O:4]	60.0063	1.20812	-	-	-	-	G
C27907938      none	B	[!#1:1][CH2:2]!@[n:3][cH0:4]	44.9992	0.0212495	-	-	-	-	R
C35321809      none	B	[C:1][CH2:2]!@[O:3][CX4:4]	-80.0091	1.18773	-	-	-	-	G
C35321809      none	B	[!#1:1][CX4H2:2]!@[CX4H2:3][!#1:4]	180	58.554	-	-	-	-	G
C35321809      none	B	[!#1:1][CX4:2]!@[SX2:3][!#1:4]	180	11.1654	-	-	-	-	G
C35321809      none	B	[!#1:1][CX4:2]!@[SX2:3][!#1:4]	-160.004	3.18377	-	-	-	-	G
C35321809      none	B	[cH0:1][c:2]!@[CX4H2:3][N,O,S:4]	-45.0016	1.84995	-	-	-	-	G
C61589777      none	B	[*:1]~[CX4:2]!@[n:3]~[*:4]	59.998	3.54922	-	-	-	-	G
C18096786      none	B	[CX4:1][CX4H2:2]!@[NX3:3][CX4:4]	120.002	0.688976	-	-	-	-	R
C18096786      none	B	[CX4:1][CX4H2:2]!@[NX3:3][CX4:4]	-60.0095	3.9001	-	-	-	-	G
C18096786      none	B	[cH1:1][c:2]([cH1])!@[NX3:3][CX4:4]	-29.9953	1.41383	-	-	-	-	G
C18096786      none	B	[cH1:1][c:2]([cH1])!@[CX3:3]=[NX2:4]	-90.0006	0.478755	-	-	-	-	O
C18096786      none	B	[*:1]~[cX3:2]!@[NX2:3]~[*:4]	-119.724	1.40635	-	-	-	-	O
C40227995      none	B	[H:1][CX4H1:2]!@[O:3][CX4:4]	160.605	0.0441371	-	-	-	-	R
C40227995      none	B	[*:1][CX4:2]!@[O:3][CX4:4]	160.003	2.43188	-	-	-	-	G
C40227995      none	B	[cH0:1][c:2]!@[CX4H2:3][N,O,S:4]	-134.707	0.856458	-	-	-	-	G
C49447384      none	B	[cH0:1][c:2]!@[CX4H2:3][CX4:4]	-90.0049	18.481	-	-	-	-	G
C49447384      none	B	[!#1:1][CX4H2:2]!@[CX4H2:3][!#1:4]	180	58.554	-	-	-	-	G
C49447384      none	B	[O:1]=[CX3:2]([NH1])!@[CH2:3][C:4]	90.0041	2.11706	-	-	-	-	O
C49447384      none	B	[O:1]=[CX3:2]!@[NX3H1:3][!#1:4]	0.00573309	63.7893	-	-	-	-	G
C49447384      none	B	[$(C=O):1][NX3H1:2]!@[c:3](s)[n:4]	-0.00767085	0.574713	-	-	-	-	R
C07725104      none	B	[$(C=O):1][NX3H1:2]!@[c:3](s)[n:4]	180	66.092	-	-	-	-	G
C07725104      none	B	[O:1]=[CX3:2]!@[NX3H1:3][!#1:4]	-0.000744131	63.7893	-	-	-	-	G
C07725104      none	B	[$([cH0][OH0]):1][c:2]([cH1])!@[C:3](=O)[NH1:4]	-30.0014	3.125	-	-	-	-	G
C07725104      none	B	[cH1,n:1][c:2]!@[O:3][CH1:4]	60.2453	0.194175	-	-	-	-	R
C07725104      none	B	[H:1][CX4H1:2]!@[OX2:3][!#1:4]	149.988	0.00502866	-	-	-	-	R
C12370488      none	B	[!#1:1][CX4H0:2]!@[OX2:3][!#1:4]	59.9944	19.4328	-	-	-	-	G
C12370488      none	B	[O:1]=[C:2]!@[O:3]~[CH0:4]	-59.9964	0	-	-	-	-	R
C12370488      none	B	[O:1]=[CX3:2]!@[nX3:3]([aH0:4])([aH0])	0.315126	19.5082	-	-	-	-	G
C51885389      none	B	[a:1][c:2]!@[C:3]([NH0])=[O:4]	-60.0073	3.63889	-	-	-	-	G
C51885389      none	B	[O:1]=[CX3:2](a)!@[NX3H0:3][!#1:4]	-149.682	2.19542	-	-	-	-	O
C51885389      none	B	[!#1:1][CX4:2]!@[CX4:3][!#1:4]	-160.004	1.85018	-	-	-	-	G
C03460991      none	B	[cH0:1][c:2]!@[CX4H2:3][N,O,S:4]	-90.0028	7.87941	-	-	-	-	G
C03460991      none	B	[$(C=O):1][NX3H0:2]!@[CX4H2:3][!#1:4]	60.004	0.649351	-	-	-	-	G
C03460991      none	B	[O-:1][N+:2](=O)!@[c:3]([cH,nX2H0])[cH,nX2H0:4]	179.978	23.2156	-	-	-	-	G
C41568980      none	B	[cH1:1][c:2]([cH1])!@[CX4H2:3][CX4:4]	0.000153092	0.634038	-	-	-	-	R
C41568980      none	B	[c:1][c:2]!@[c:3][s,o,nX3H1:4]	0.258878	17.837	-	-	-	-	G
C37677497      none	B	[cH0:1][a:2]([cH1])!@[a:3]([sX2,o,nX2H0,nX3H1:4])([cH1])	179.998	7.79468	-	-	-	-	G
C37677497      none	B	[a:1][c:2]!@[CX4H1:3][N,O:4]	90.0057	1.22453	-	-	-	-	G
C65149654      none	B	[cH1:1][a:2]([cH1])!@[a:3]([sX2,o,nX2H0,nX3H1:4])	-179.682	10.6726	-	-	-	-	G
C65149654      none	B	[c:1][c:2]!@[c:3][s,o,nX3H1:4]	0.2826	17.837	-	-	-	-	G
C48630109      none	B	[a:1][c:2]!@[CX4H1:3][H:4]	30.0039	4.04281	-	-	-	-	G
C48630109      none	B	[!#1:1][CX4:2]!@[CX4:3][!#1:4]	-162.888	1.85018	-	-	-	-	G
CHEMBL275970      none	B	[a:1][a:2]!@[CX3:3]=[CX3H1:4]	-20.0008	3.14121	-	-	-	-	G
CHEMBL275970      none	B	[*^2:1]~[C^2:2]([!H])!@[C^2:3]~[*^2:4]	150.294	1.21045	-	-	-	-	G
C36884862      none	B	[$(C=O):1][NX3H0:2]!@[c:3]([cH1])[cH1:4]	0.291654	1.75801	-	-	-	-	G
C36884862      none	B	[$([CX3]=O):1][NX3H0:2](C)!@[CX4H2:3][C:4]	-89.7923	15.9949	-	-	-	-	G
C36884862      none	B	[!#1:1][CX4:2]!@[CX4:3][!#1:4]	-91.3689	0.488284	-	-	-	-	O
C44986378      none	B	[a:1][c:2]!@[CX4H2:3][!#1:4]	0.00171726	2.24426	-	-	-	-	O
C44986378      none	B	[!#1:1][CX4H2:2]!@[NX3H1;"N_lp":3][!#1:4]	-80.0008	5.25394	-	-	-	-	G
C44986378      none	B	[C:1][CX4:2]!@[NX3;"N_lp":3][C:4]	-80.0057	6.10869	-	-	-	-	G
C44986378      none	B	[a:1][c:2]!@[CX4H1:3][N,O:4]	-119.998	3.08052	-	-	-	-	G
C61659240      none	B	[aH1:1][c:2]([aH0])!@[SX2:3][!#1:4]	89.9998	1.8677	-	-	-	-	G
C61659240      none	B	[!#1:1][CX4:2]!@[SX2:3][!#1:4]	180	11.1654	-	-	-	-	G
C61659240      none	B	[cH0:1][c:2]!@[CX4H2:3][N,O,S:4]	-134.999	0.856458	-	-	-	-	G
C63117005      none	B	[!#1:1][CX4H2:2]!@[CX4H2:3][!#1:4]	180	58.554	-	-	-	-	G
C63117005      none	B	[cH0:1][c:2]!@[CX4H2:3][CX4:4]	-90.0006	18.481	-	-	-	-	G
C41046623      none	B	[!#1:1][CX4H0:2]!@[OX2:3][!#1:4]	59.9975	19.4328	-	-	-	-	G
C41046623      none	B	[O:1]=[C:2]!@[O:3]~[CH0:4]	-30.004	0.596506	-	-	-	-	R
C41046623      none	B	[a:1][a:2]!@[CX3:3]=[O:4]	150.33	2.43757	-	-	-	-	G
C11749604      none	B	[!#1:1][CH2:2]!@[n:3][cH0:4]	-89.9972	15.4696	-	-	-	-	G
C11749604      none	B	[!#1:1][CX4H2:2]!@[CX3:3]=[O:4]	90.0037	1.06654	-	-	-	-	G
C11749604      none	B	[O:1]=[C:2]!@[O:3]~[C:4]	30.008	0.0796663	-	-	-	-	R
C11749604      none	B	[c:1][CX4H2:2]!@[OX2:3][C:4]	119.996	0.339506	-	-	-	-	G
C11749604      none	B	[a:1][c:2]!@[CX4H2:3][!#1:4]	0.315161	2.24426	-	-	-	-	O
C41707114      none	B	[cH1:1][a:2]([cH1])!@[a:3]([cH1])[cH0:4]	150.278	1.44207	-	-	-	-	R
C41707114      none	B	[cH1:1][c:2]([cH1])!@[CX4H2:3][CX4:4]	90.0209	11.713	-	-	-	-	G
C41707114      none	B	[!#1:1][CX4H2:2]!@[CX4H2:3][!#1:4]	180	58.554	-	-	-	-	G
C09335908      none	B	[$(C=O):1][NX3H1:2]!@[c:3](s)[n:4]	0.0116783	0.574713	-	-	-	-	R
C09335908      none	B	[O:1]=[CX3:2]!@[NX3H1:3][!#1:4]	179.996	2.24265	-	-	-	-	G
C09335908      none	B	[O:1]=[CX3:2]!@[CX4H1r3:3][H:4]	119.996	1.33333	-	-	-	-	O
C38537693      none	B	[!#1:1][CX4:2]!@[NX3:3][!#1:4]	29.997	0.392826	-	-	-	-	G
C38537693      none	B	[a:1][a:2]!@[NX3:3][CX4H0:4]	59.9989	2.03209	-	-	-	-	G
C41216991      none	B	[cH0:1][c:2]!@[CX4H0:3][CX4:4]	81.3787	2.44203	-	-	-	-	G
C41216991      none	B	[!#1:1][CX4:2]!@[CX4:3][!#1:4]	160.002	1.81259	-	-	-	-	G
C41216991      none	B	[*:1]~[CX4:2]!@[NX2:3]~[*:4]	120.004	6.32565	-	-	-	-	G
C00430278      none	B	[aH1:1][c:2]([aH1])!@[SX2:3][!#1:4]	-59.9953	2.06819	-	-	-	-	G
C00430278      none	B	[a:1][c:2]!@[CX3:3]=[CX3H0:4]	-59.996	3.49737	-	-	-	-	G
C00430278      none	B	[*:1]~[CX3:2]!@[cX3:3]~[*:4]	-59.6957	1.26106	-	-	-	-	O
C38581567      none	B	[!#1:1][CX4H2:2]!@[CX4H2:3][!#1:4]	179.999	58.554	-	-	-	-	G
C38581567      none	B	[!#1:1][CX4H2:2]!@[CX4H2:3][!#1:4]	59.9944	3.99483	-	-	-	-	G
C38581567      none	B	[!#1:1][CX4:2]!@[SX4:3][!#1:4]	165.33	7.85263	-	-	-	-	G
C38581567      none	B	[H:1][CX4H1:2]!@[SX4:3][!#1:4]	40.0007	6.04113	-	-	-	-	G
C38581567      none	B	[*:1]~[CX3:2]!@[NX2:3]~[*:4]	120.005	0.114723	-	-	-	-	G
C38581567      none	B	[C:1][CX4H2:2]!@[CX3:3]=[O:4]	30.0041	4.22116	-	-	-	-	G
C38581567      none	B	[!#1:1][CX4:2]!@[CX4:3][!#1:4]	59.9982	12.3771	-	-	-	-	G
C61799868      none	B	[a:1][c:2]!@[CX4H2:3][!#1:4]	-90.0019	7.30446	-	-	-	-	G
C61799868      none	B	[*:1]~[CX4:2]!@[NX4:3]~[*:4]	60.0029	15.3058	-	-	-	-	G
C61799868      none	B	[*:1]~[CX4:2]!@[NX4:3]~[*:4]	180	15.0612	-	-	-	-	G
C61799868      none	B	[!#1:1][CX4:2]!@[CX4:3][!#1:4]	59.9972	12.3771	-	-	-	-	G
C49821171      none	B	[a:1][c:2]!@[CX4H0:3][CX4:4]	-119.727	5.28723	-	-	-	-	G
C49821171      none	B	[cH1:1][c:2]([cH1])!@[c:3]([cH1:4])[cH1]	150.281	8.0493	-	-	-	-	G
C36820361      none	B	[H:1][CX4H1:2]!@[O:3][CX4:4]	180	1.1917	-	-	-	-	R
C36820361      none	B	[*:1][CX4:2]!@[O:3][CX4:4]	160	2.43188	-	-	-	-	G
C36820361      none	B	[cH0:1][c:2]!@[CX4H2:3][N,O,S:4]	-134.712	0.856458	-	-	-	-	G
C36960427      none	B	[!#1:1][CX4:2]!@[CX4:3][!#1:4]	79.9939	1.75235	-	-	-	-	G
C36960427      none	B	[a:1][c:2]!@[CX4H1:3][N,O:4]	30.269	3.56196	-	-	-	-	G
C32383468      none	B	[!#1:1][CX4:2]!@[CX4:3][!#1:4]	160	1.81259	-	-	-	-	G
C32383468      none	B	[$([CX3]=O):1][NX3H1:2]!@[CX4H2:3][C:4] 	-90.0083	7.35439	-	-	-	-	G
C32383468      none	B	[O:1]=[CX3:2]!@[NX3H1:3][!#1:4]	0.00451433	63.7893	-	-	-	-	G
C32383468      none	B	[*^2:1]~[C^2:2]([!H])!@[C^2:3]~[*^2:4]	120.006	0.806964	-	-	-	-	G
C32383468      none	B	[a:1][a:2]!@[CX3:3]=[CX3H1:4]	-20.0028	3.14121	-	-	-	-	G
C54715747      none	B	[!#1:1][CX4:2]!@[CX4:3][!#1:4]	59.9992	12.3771	-	-	-	-	G
C54715747      none	B	[C:1][CX4:2]!@[CX3:3]=[O:4]	119.998	3.75937	-	-	-	-	G
C54715747      none	B	[O:1]=[CX3:2]!@[NX3H1:3][!#1:4]	0.0015641	63.7893	-	-	-	-	G
C54715747      none	B	[$([CX3]=O):1][NX3H1:2]!@[CX4H2:3][C:4] 	120.001	2.76407	-	-	-	-	O
C54715747      none	B	[!#1:1][CX4:2]!@[CX4:3][!#1:4]	159.587	1.81259	-	-	-	-	G
C37785419      none	B	[!#1:1][CX4H1:2]!@[NX3:3][!#1:4]	-120.006	4.10724	-	-	-	-	O
C37785419      none	B	[a:1][c:2]!@[NX3H1:3][$([CX4r]([C;r])([C;r])):4]	60.0025	1.13636	-	-	-	-	R
C00108580      none	B	[O-:1][N+:2](=O)!@[c:3]([cH0])[cH0:4]	-0.00972654	4.36992	-	-	-	-	G
C00108580      none	B	[a:1][a:2]!@[CX3:3]=[CX3H1:4]	179.999	13.7638	-	-	-	-	G
C00108580      none	B	[a:1][a:2]!@[CX3:3]=[CX3H1:4]	-179.66	13.7638	-	-	-	-	G
C00108580      none	B	[cH0:1][c:2]!@[CX4H1:3][N,O,S:4]	-60.6378	3.2006	-	-	-	-	G
C11727476      none	B	[cH0:1][c:2]!@[CX4H1:3][N,O,S:4]	-56.7694	3.2006	-	-	-	-	G
C49611240      none	B	[!#1:1][CX4H2:2]!@[CX4H2:3][!#1:4]	59.9956	3.99483	-	-	-	-	G
C49611240      none	B	[!#1:1][CX4:2]!@[SX2:3][!#1:4]	40.003	0.636754	-	-	-	-	O
C49611240      none	B	[!#1:1][CX4:2]!@[SX2:3][!#1:4]	-160.003	3.18377	-	-	-	-	G
C49611240      none	B	[cH0:1][c:2]!@[CX4H2:3][N,O,S:4]	89.9995	7.74238	-	-	-	-	G
C13144803      none	B	[aH1:1][c:2]([aH1])!@[SX2:3][!#1:4]	29.9932	2.06819	-	-	-	-	G
C13144803      none	B	[aH0:1][c:2]([aH0])!@[SX2:3][!#1:4]	119.998	1.75348	-	-	-	-	G
C13144803      none	B	[cH1:1][c:2]([cH0])!@[CX3x0:3]=[NX2:4]	-0.0201942	6.02623	-	-	-	-	G
C07240877      none	B	[cH1:1][c:2]([cH1])!@[CX4H2:3][CX4:4]	30.0129	0.378198	-	-	-	-	R
C07240877      none	B	[cH1:1][c:2]([cH1])!@[NX3:3][CX4:4]	159.993	2.99518	-	-	-	-	G
C07240877      none	B	[!#1:1][CX4H2:2]!@[NX3H1:3][!#1:4]	-149.999	1.95018	-	-	-	-	O
C07240877      none	B	[a:1][c:2]!@[CX4H2:3][!#1:4]	135.272	1.69481	-	-	-	-	O
C21990998      none	-	-	-	-	-	-	-	-	-
C19869043      none	B	[cH1:1][c:2]([cH0])!@[O:3][c:4]	59.9816	2.58065	-	-	-	-	G
C19869043      none	B	[cH1:1][c:2]([cH0])!@[O:3][c:4]	-89.7319	3.22581	-	-	-	-	G
C54823303      none	B	[a:1][c:2]!@[NX3H1:3][$([CX4r]([C;r])([C;r])):4]	-0.00432574	14.4886	-	-	-	-	G
C54823303      none	B	[!#1:1][CX4H1:2]!@[NX3:3][!#1:4]	-81.3859	4.33043	-	-	-	-	G
C01665381      none	-	-	-	-	-	-	-	-	-
C41160940      none	B	[a:1][c:2]!@[CX4H1:3][H:4]	90.0046	0.477016	-	-	-	-	O
C41160940      none	B	[c:1][c:2]!@[c:3][s,o,nX3H1:4]	150.284	2.6253	-	-	-	-	G
C06913683      none	B	[cH0:1][c:2]([cH1])!@[CX3:3]=[O:4]	-89.9959	0.638925	-	-	-	-	R
C06913683      none	B	[cH0:1][a:2]([cH0])!@[a:3]([sX2,o,nX2H0,nX3H1:4])	-149.677	0.542741	-	-	-	-	O
C06913683      none	B	[!#1:1][CX4H2:2]!@[CX3:3]=[O:4]	-90.0065	1.11373	-	-	-	-	G
C06913683      none	B	[!#1:1][CX4:2]!@[SX2:3][!#1:4]	90.0043	2.8728	-	-	-	-	G
C06913683      none	B	[aH0:1][c:2]([aH0])!@[SX2:3][!#1:4]	-0.00247304	13.1253	-	-	-	-	G
C01859280      none	B	[cH0:1][c:2]!@[CX4H2:3][N,O,S:4]	90.0011	7.74238	-	-	-	-	G
C62989375      none	B	[!#1:1][CX4H2:2]!@[CX4H2:3][!#1:4]	60.0011	3.99483	-	-	-	-	G
C62989375      none	B	[!#1:1][CX4:2]!@[CX3H0:3][!#1:4]	30.0018	1.49834	-	-	-	-	G
C62989375      none	B	[*:1]~[cX3:2]!@[NX2:3]~[*:4]	-89.7294	2.13435	-	-	-	-	O
C57518294      none	B	[!#1:1][CX4:2]!@[NX3:3][!#1:4]	59.9504	5.63312	-	-	-	-	G
C57518294      none	B	[cH1:1][c:2]([cH1])!@[NX3:3][CX4:4]	89.9656	0.924685	-	-	-	-	O
C57518294      none	B	[cH1,nX2H0:1][c:2]([cH1,nX2H0])!@[NX3r:3][*:4]	-59.6742	2.69113	-	-	-	-	O
C44712843      none	-	-	-	-	-	-	-	-	-
C50427698      none	B	[!#1:1][CX4:2]!@[CX4:3][!#1:4]	-59.9946	12.2558	-	-	-	-	G
C50427698      none	B	[!#1:1][CX4:2]!@[CX4:3][!#1:4]	-79.9977	1.71775	-	-	-	-	G
C50427698      none	B	[!#1:1][CH2:2]!@[n:3][a:4]	-179.699	0.161853	-	-	-	-	R
C28199996      none	B	[O:1]=[CX3:2](a)!@[NX3H0:3][!#1:4]	149.993	2.50464	-	-	-	-	G
C28199996      none	B	[a:1][c:2]!@[C:3]([NH0])=[O:4]	0.319147	2.33333	-	-	-	-	G
C54910416      none	B	[a:1][a:2]!@[NX3:3][!#1:4]	150.006	1.85775	-	-	-	-	O
C54910416      none	B	[a:1][c:2]!@[CX4H1:3][N,O:4]	90.0065	1.22453	-	-	-	-	G
C01669665      none	-	-	-	-	-	-	-	-	-
C01433120      none	B	[cH0:1][c:2]([cH0])!@[O:3][c:4]	-89.9964	9.36556	-	-	-	-	G
C01433120      none	B	[cH1:1][c:2]([cH0])!@[O:3][c:4]	-59.7215	3.44086	-	-	-	-	G
C32151310      none	B	[a:1][c:2]!@[CX4H1:3][N,O:4]	-60	3.48172	-	-	-	-	G
C32151310      none	B	[OX2:1][CX4:2]!@[CX4:3][N:4]	-60.0006	14.8764	-	-	-	-	G
C32151310      none	B	[!#1:1][CX4H2:2]!@[NX3H1:3][!#1:4]	120.004	2.00811	-	-	-	-	O
C32151310      none	B	[cH1:1][c:2]([cH1])!@[NX3:3][CX4:4]	160.279	2.99518	-	-	-	-	G
C32151310      none	B	[cH0:1][c:2]([cH1])!@[O:3][C:4]	180	48.7454	-	-	-	-	G
C22432404      none	B	[$(C=O):1][NX3H1:2]!@[c:3](s)[n:4]	179.999	66.092	-	-	-	-	G
C22432404      none	B	[O:1]=[CX3:2]!@[NX3H1:3][!#1:4]	-3.65618e-05	63.7893	-	-	-	-	G
C22432404      none	B	[O:1][CX4:2]!@[CX3:3]=[O:4]	-90.0025	0.491063	-	-	-	-	O
C22432404      none	B	[!#1:1][CX4H0:2]!@[OX2:3][!#1:4]	89.9896	0.242378	-	-	-	-	R
C22432404      none	B	[a:1][c:2]([a])!@[O:3][CX4H0:4]	90.0061	10.3226	-	-	-	-	G
CHEMBL589765      none	B	[a:1][c:2]!@[CX4H2:3][!#1:4]	179.996	2.35335	-	-	-	-	O
CHEMBL589765      none	B	[c:1][CX4H2:2]!@[OX2:3][c:4]	-150.004	1.12166	-	-	-	-	R
CHEMBL589765      none	B	[nX2:1][c:2]([nX3])!@[O:3][C:4]	-59.9964	0	-	-	-	-	R
C50543845      none	B	[!#1:1][CH2:2]!@[n:3][a:4]	0.305537	0.0996016	-	-	-	-	R
C50543845      none	B	[cH1:1][c:2]([cH1])!@[CX4H2:3][CX4:4]	-179.959	0.678532	-	-	-	-	R
C50543845      none	B	[!#1:1][CX4:2]!@[CX4:3][!#1:4]	80.0032	1.75235	-	-	-	-	G
C50543845      none	B	[!#1:1][CX4:2]!@[CX4:3][!#1:4]	159.995	1.81259	-	-	-	-	G
C42288420      none	B	[a:1][c:2]!@[CX4H1:3][N,O:4]	179.999	1.64318	-	-	-	-	G
C42288420      none	B	[H:1][CX4H1:2]!@[O:3][CX4:4]	0.00192236	4.26659	-	-	-	-	G
C42288420      none	B	[H:1][CX4H1:2]!@[O:3][CX4:4]	30.005	7.15021	-	-	-	-	G
C43646460      none	B	[aH1:1][c:2]([aH0])!@[SX2:3][!#1:4]	120.246	1.24514	-	-	-	-	O
C43646460      none	B	[!#1:1][CX4:2]!@[SX2:3][!#1:4]	150.002	1.40678	-	-	-	-	G
C43646460      none	B	[!#1:1][CX4H2:2]!@[CX4H2:3][!#1:4]	179.999	58.554	-	-	-	-	G
C43646460      none	B	[!#1:1][CX4H2:2]!@[CX4H2:3][!#1:4]	59.9991	3.99483	-	-	-	-	G
C43646460      none	B	[!#1:1][CX4H2:2]!@[CX4H2:3][!#1:4]	180	58.554	-	-	-	-	G
C63100570      none	B	[a:1][a:2]!@[NX3:3][!#1:4]	-0.000969666	10.9271	-	-	-	-	G
C63100570      none	B	[!#1:1][CX4H2:2]!@[NX3H1:3][!#1:4]	180	11.3535	-	-	-	-	G
C63100570      none	B	[!#1:1][CX4H2:2]!@[CX4H2:3][!#1:4]	-59.9971	3.77933	-	-	-	-	G
C61588627      none	B	[cH1:1][a:2]([cH1])!@[a:3]([sX2,o,nX2H0,nX3H1:4])	-179.729	10.6726	-	-	-	-	G
C61588627      none	B	[a:1][c:2]!@[NX3H1:3][$([CX4r]([C;r])([C;r])):4]	60.0046	1.13636	-	-	-	-	R
C61588627      none	B	[!#1:1][CX4H1:2]!@[NX3:3][!#1:4]	-79.6143	4.33043	-	-	-	-	G
C20039981      none	B	[cH0:1][c:2]([cH,nX2H0])!@[NX3H1:3][CX4:4]	-160.022	4.72103	-	-	-	-	O
C20039981      none	B	[!#1:1][CX4H2:2]!@[NX3H1:3][!#1:4]	120	2.00811	-	-	-	-	O
C20039981      none	B	[OX2:1][CX4H2:2]!@[CX4H2:3][N:4]	60.003	17.6955	-	-	-	-	G
C52066065      none	-	-	-	-	-	-	-	-	-
C63058538      none	B	[c:1][c:2]!@[c:3][s,o,nX3H1:4]	0.00878787	17.837	-	-	-	-	G
C63058538      none	B	[a:1][c:2]!@[CX4H2:3][!#1:4]	-89.9985	7.30446	-	-	-	-	G
C52813826      none	B	[aH0:1][c:2]([aH0])!@[SX2:3][!#1:4]	-119.999	1.95977	-	-	-	-	G
C52813826      none	B	[!#1:1][CX4:2]!@[SX2:3][!#1:4]	159.999	2.91722	-	-	-	-	G
C43513243      none	B	[H:1][CX4H1:2]!@[OX2:3][!#1:4]	30.0027	9.32817	-	-	-	-	G
C43513243      none	B	[cH0:1][c:2]([cH0])!@[O:3][C:4]	90.0022	14.2516	-	-	-	-	G
C58578362      none	B	[a:1][c:2]!@[CX4H2:3][!#1:4]	-90.0041	7.30446	-	-	-	-	G
C58578362      none	B	[!#1:1][CX4H2:2]!@[NX3;"N_lp":3][!#1:4]	-152.027	2.87059	-	-	-	-	G
C58578362      none	B	[CX4:1][CX4H2:2]!@[NX3;"N_lp":3][CX4:4]	-40.0025	0.040201	-	-	-	-	R
C01760436      none	B	[a:1][c:2]!@[CX4H2:3][!#1:4]	-44.9984	1.62815	-	-	-	-	O
C00116711      none	-	-	-	-	-	-	-	-	-
C62611102      none	B	[cH1:1][c:2]([cH0])!@[O:3][c:4]	60.0188	2.58065	-	-	-	-	G
C62611102      none	B	[cH1:1][c:2]([cH0])!@[O:3][c:4]	-89.7345	3.22581	-	-	-	-	G
C41278065      none	B	[!#1:1][CX4:2]!@[CX4:3][!#1:4]	60.0015	12.3771	-	-	-	-	G
C41278065      none	B	[!#1:1][CX4:2]!@[CX4:3][!#1:4]	60.0055	12.3771	-	-	-	-	G
C41278065      none	B	[!#1:1][CX4:2]!@[CX4:3][!#1:4]	60.0002	12.3771	-	-	-	-	G
C41278065      none	B	[a:1][c:2]!@[CX4H1:3][H:4]	-149.992	3.82796	-	-	-	-	G
C36275529      none	B	[cH0:1][c:2]!@[CX4H2:3][CX4:4]	-89.7136	18.481	-	-	-	-	G
C36275529      none	B	[n,o,s:1][c:2]!@[CX4H2:3][CX4:4]	89.9971	4.03889	-	-	-	-	G
C36275529      none	B	[!#1:1][CX4H2:2]!@[CX4H2:3][!#1:4]	180	58.554	-	-	-	-	G
C00103038      none	B	[c:1][c:2](c)!@[O:3][$(C([F])([F])[F]):4]	-60.0056	1.6129	-	-	-	-	O
C00103038      none	B	[*:1]~[cX3:2]!@[NX2:3]~[*:4]	-60.0032	1.53044	-	-	-	-	O
C01766288      none	-	-	-	-	-	-	-	-	-
CHEMBL269074      none	-	-	-	-	-	-	-	-	-
C62242267      none	B	[a:1][c:2]!@[CX4H1:3][H:4]	30.0012	4.04281	-	-	-	-	G
C62242267      none	B	[!#1:1][CX4:2]!@[CX4:3][!#1:4]	-160.121	1.85018	-	-	-	-	G
C35733464      none	B	[!#1:1][CX4:2]!@[CX4:3][!#1:4]	-111.375	0.0892838	-	-	-	-	R
C35733464      none	B	[!#1:1][CX4H1:2]!@[NX3:3][!#1:4]	150	2.7681	-	-	-	-	G
C35733464      none	B	[a:1][a:2]!@[NX3:3][!#1:4]	0.28544	10.9271	-	-	-	-	G
C37169420      none	B	[n,o,s:1][c:2]!@[CX4H2:3][CX4:4]	180	8.82573	-	-	-	-	G
C37169420      none	B	[c:1][c:2]!@[c:3][s,o,nX3H1:4]	150.281	2.6253	-	-	-	-	G
C61571871      none	B	[a:1][c:2]!@[NX3H1:3][$([CX4r]([C;r])([C;r])):4]	-119.997	0.284091	-	-	-	-	R
C61571871      none	B	[!#1:1][CX4H1:2]!@[NX3:3][!#1:4]	79.6049	3.82417	-	-	-	-	G
C39119024      none	-	-	-	-	-	-	-	-	-
C49897956      none	B	[cH0:1][c:2]([cH1])!@[O:3][C:4]	120	0.35639	-	-	-	-	R
C49897956      none	B	[C:1][CX4H2:2]!@[OX2:3][c:4]	180	43.8829	-	-	-	-	G
C49897956      none	B	[OX2:1][CX4H2:2]!@[CX4H2:3][Nr:4]	180	8.33333	-	-	-	-	G
C49897956      none	B	[$([CX3]=O):1][NX3H0:2](C)!@[CX4H2:3][C:4]	30.0066	0	-	-	-	-	R
C37487072      none	B	[a:1][c:2]!@[CX4H2:3][!#1:4]	180	2.35335	-	-	-	-	O
C37487072      none	B	[!#1:1][CX4H2:2]!@[NX3H1;"N_lp":3][!#1:4]	-80.0029	5.25394	-	-	-	-	G
C37487072      none	B	[CX4:1][CX4H2:2]!@[NX3;"N_lp":3][CX4:4]	-79.9988	8.1206	-	-	-	-	G
C36056173      none	-	-	-	-	-	-	-	-	-
C00199813      none	B	[aH0:1][c:2]([aH0])!@[SX2:3][!#1:4]	-60.005	1.39247	-	-	-	-	G
C00199813      none	B	[!#1:1][CX4:2]!@[SX2:3][!#1:4]	90.001	2.8728	-	-	-	-	G
C00199813      none	B	[!#1:1][CX4H2:2]!@[CX3:3]=[O:4]	-120.001	0.59462	-	-	-	-	G
C00199813      none	B	[O:1]=[CX3:2]!@[NX3H1:3][!#1:4]	-0.00132057	63.7893	-	-	-	-	G
C00199813      none	B	[$(C=O):1][NX3H1:2]!@[c:3](s)[n:4]	180	66.092	-	-	-	-	G
C00199813      none	B	[n,o,s:1][c:2]!@[CX4H2:3][CX4:4]	90.0003	4.03889	-	-	-	-	G
C00199813      none	B	[!#1:1][CX4:2]!@[CX4:3][!#1:4]	-60.0078	12.2558	-	-	-	-	G
C34087503      none	B	[a:1][c:2]!@[CX4H2:3][!#1:4]	-135.005	1.61199	-	-	-	-	O
C45237357      none	-	-	-	-	-	-	-	-	-
C40422311      none	B	[cH1,nX2H0:1][c:2]([cH1,nX2H0])!@[NX3r:3][*:4]	150.278	1.71312	-	-	-	-	O
C57218986      none	B	[cH1,n:1][c:2]!@[O:3][CH1:4]	59.9957	0.194175	-	-	-	-	R
C57218986      none	B	[H:1][CX4H1:2]!@[OX2:3][!#1:4]	29.9977	9.32817	-	-	-	-	G
C21018563      none	B	[a:1][c:2]!@[CX4H1:3][N,O:4]	89.9997	1.22453	-	-	-	-	G
C21018563      none	B	[O-:1][N+:2](=O)!@[c:3]([cH0])[cH,nX2H0:4]	90.2129	0.274725	-	-	-	-	O
C21018563      none	B	[!#1:1][CX4H1:2]!@[NX3:3][!#1:4]	179.998	2.80076	-	-	-	-	G
C21018563      none	B	[cH0:1][c:2]([cH,nX2H0])!@[NX3H1:3][CX4:4]	-149.997	1.00143	-	-	-	-	O
C38074757      none	B	[!#1:1][CX4:2]!@[CX4:3][!#1:4]	59.9982	12.3771	-	-	-	-	G
C38074757      none	B	[!#1:1][CX4H2:2]!@[CX4H2:3][!#1:4]	180	58.554	-	-	-	-	G
C38074757      none	B	[!#1:1][CH2:2]!@[n:3][a:4]	135.316	0.423307	-	-	-	-	O
C53782169      none	B	[H:1][CX4H1:2]!@[O:3][CX4:4]	159.994	0.0441371	-	-	-	-	R
C53782169      none	B	[C:1][CH2:2]!@[O:3][CX4:4]	160.004	5.67469	-	-	-	-	G
C53782169      none	B	[!#1:1][CX4H2:2]!@[CX4H2:3][!#1:4]	179.999	58.554	-	-	-	-	G
C53782169      none	B	[!#1:1][CX4:2]!@[CX4:3][!#1:4]	179.997	22.1548	-	-	-	-	G
C53782169      none	B	[a:1][c:2]!@[CX4H1:3][N,O:4]	-90.006	1.29082	-	-	-	-	G
C35135117      none	B	[a:1][c:2]!@[CX4H1:3][N,O:4]	-59.9986	3.48172	-	-	-	-	G
C35135117      none	B	[!#1:1][CX4H1:2]!@[NX3:3][!#1:4]	60.0043	5.65868	-	-	-	-	G
C35135117      none	B	[cH0:1][c:2]([cH,nX2H0])!@[NX3H1:3][CX4:4]	-150.004	1.00143	-	-	-	-	O
C20021630      none	B	[!#1:1][CX4:2]!@[CX4:3][!#1:4]	59.9961	12.3771	-	-	-	-	G
C20021630      none	B	[a:1][c:2]!@[CX4H1:3][N,O:4]	179.996	1.64318	-	-	-	-	G
C20021630      none	B	[!#1:1][CX4H1:2]!@[NX3:3][!#1:4]	-90.0019	3.22537	-	-	-	-	G
C20021630      none	B	[cH1:1][c:2]([cH1])!@[NX3:3][CX4:4]	-150.001	1.27312	-	-	-	-	O
C20021630      none	B	[*:1]~[CX4:2]!@[n:3]~[*:4]	-30.0015	3.02285	-	-	-	-	G
C62707378      none	B	[CX4:1][CX4H2:2]!@[NX3:3][CX4:4]	-120.005	0.70128	-	-	-	-	R
C62707378      none	B	[cH0:1][c:2]([cH0])!@[NX3:3][CX4:4]	-159.725	1.16618	-	-	-	-	O
C62707378      none	B	[cH1:1][c:2]([cH1])!@[CX3:3]=[O:4]	179.999	13.4921	-	-	-	-	G
C54830010      none	B	[a:1][c:2]!@[CX4H2:3][!#1:4]	45.0028	2.0463	-	-	-	-	O
C54830010      none	B	[!#1:1][CX4H2:2]!@[NX3H1;"N_lp":3][!#1:4]	160.003	4.64098	-	-	-	-	G
C54830010      none	B	[C:1][CX4:2]!@[NX3;"N_lp":3][C:4]	81.7239	5.94326	-	-	-	-	G
C55644875      none	B	[!#1:1][CX4H2:2]!@[CX4H2:3][!#1:4]	179.998	58.554	-	-	-	-	G
C55644875      none	B	[$([CX3]=O):1][NX3H0:2](C)!@[CX4H2:3][C:4]	89.9941	14.7513	-	-	-	-	G
C55644875      none	B	[$([CX3]=O):1][NX3H0:2](C)!@[CX4H2:3][C:4]	120.001	2.74443	-	-	-	-	O
C55644875      none	B	[O:1]=[CX3:2](a)!@[NX3H0:3][!#1:4]	0.00702781	23.6549	-	-	-	-	G
C55644875      none	B	[!#1:1][CX4:2]!@[CX4:3][!#1:4]	148.625	0.50879	-	-	-	-	O
C55644875      none	B	[cH0:1][c:2]([cH1])!@[CX3:3]([NX3H0])=[O:4]	119.999	3.63636	-	-	-	-	G
CHEMBL6857      none	-	-	-	-	-	-	-	-	-
C57593017      none	B	[c:1][c:2]!@[c:3][s,o,nX3H1:4]	-59.7199	0.590378	-	-	-	-	O
C57593017      none	B	[a:1][a:2]!@[NX3:3][!#1:4]	59.9992	1.72297	-	-	-	-	O
C10106342      none	B	[*:1]~[CX3:2]!@[NX2:3]~[*:4]	0.00470228	40.1033	-	-	-	-	G
C10106342      none	B	[O:1][CX4:2]!@[CX3:3]=[O:4]	-28.8077	2.69102	-	-	-	-	G
C48769524      none	B	[$(C=O):1][NX3H1:2]!@[c:3]([cH0]F)[cH:4]	29.966	10.5263	-	-	-	-	G
C48769524      none	B	[O:1]=[CX3:2]!@[NX3H1:3][!#1:4]	-59.999	0	-	-	-	-	R
C48769524      none	B	[O:1]=[CX3:2]!@[NX3H0:3][!#1:4]	-179.68	18.2537	-	-	-	-	G
C52297979      none	B	[!#1:1][CX4H1:2]!@[NX3:3][!#1:4]	150.001	2.7681	-	-	-	-	G
C52297979      none	B	[a:1][c:2]!@[NX3H1:3][$([CX4r]([C;r])([C;r])):4]	30.0021	0.852273	-	-	-	-	G
C38040427      none	B	[!#1:1][CX4:2]!@[CX4:3][!#1:4]	-60.0034	12.2558	-	-	-	-	G
C38040427      none	B	[!#1:1][CX4:2]!@[SX2:3][!#1:4]	60	7.53739	-	-	-	-	G
C38040427      none	B	[aH0:1][c:2]([aH0])!@[SX2:3][!#1:4]	89.9986	3.2491	-	-	-	-	G
C00374614      none	B	[n,o,s:1][c:2]!@[CX4H2:3][CX4:4]	-44.9985	0.972326	-	-	-	-	O
C00374614      none	B	[c:1][c:2]!@[c:3][s,o,nX3H1:4]	30.5163	2.54993	-	-	-	-	G
C54936267      none	B	[a:1][a:2]!@[NX3:3][!#1:4]	180	11.4213	-	-	-	-	G
C54936267      none	B	[!#1:1][CX4H1:2]!@[NX3:3][!#1:4]	60.0053	5.65868	-	-	-	-	G
C54936267      none	B	[cH0:1][c:2]!@[CX4H1:3][CX4:4]	89.7291	4.45044	-	-	-	-	G
C62451846      none	B	[aH1:1][c:2]([aH1])!@[SX2:3][!#1:4]	-60.0008	2.06819	-	-	-	-	G
C62451846      none	B	[!#1:1][CX4:2]!@[SX2:3][!#1:4]	179.996	11.1654	-	-	-	-	G
C62451846      none	B	[!#1:1][CX4H2:2]!@[CX4H2:3][!#1:4]	180	58.554	-	-	-	-	G
C62451846      none	B	[!#1:1][CX4:2]!@[CX4:3][!#1:4]	-59.9976	12.2558	-	-	-	-	G
C01506760      none	B	[a:1][c:2]!@[CX3:3]=[CX3H0:4]	-60.0033	3.49737	-	-	-	-	G
C01506760      none	B	[*:1]~[CX3:2]!@[NX3:3]~[*:4]	30.0059	0.533408	-	-	-	-	G
C50972368      none	B	[a:1][c:2]!@[CX4H1:3][H:4]	-120.001	0.954033	-	-	-	-	G
C50972368      none	B	[!#1:1][CX4:2]!@[CX4:3][!#1:4]	-179.978	22.1548	-	-	-	-	G
C36971763      none	B	[!#1:1][CX4H1:2]!@[NX3:3][!#1:4]	-149.999	2.59662	-	-	-	-	G
C36971763      none	B	[a:1][c:2]!@[NX3H1:3][$([CX4r]([C;r])([C;r])):4]	60.0121	1.13636	-	-	-	-	R
C36971763      none	B	[a:1][c:2]!@[CX4H1:3][H:4]	94.3121	0.477016	-	-	-	-	O
C62331411      none	B	[cH1:1][c:2]([cH1])!@[CX3:3]=[O:4]	180	13.4921	-	-	-	-	G
C62331411      none	B	[C:1][CX4:2]!@[CX3:3]=[O:4]	6.67223	4.78534	-	-	-	-	G
C51663201      none	B	[*:1]~[CX4:2]!@[NX4:3]~[*:4]	180	15.0612	-	-	-	-	G
C51663201      none	B	[*:1]~[CX4:2]!@[NX4:3]~[*:4]	40.0083	2.08461	-	-	-	-	G
C51663201      none	B	[OX2:1][CX4:2]!@[CX4:3][N:4]	-76.6431	3.59551	-	-	-	-	G
C36964411      none	B	[a:1][c:2]!@[CX4H1:3][H:4]	60.0028	1.05062	-	-	-	-	G
C48556229      none	B	[O:1]=[C:2]!@[O:3]~[C:4]	0.00369825	74.4927	-	-	-	-	G
C48556229      none	B	[C:1][CX4H2:2]!@[CX3:3]=[O:4]	149.997	0.811124	-	-	-	-	R
C48556229      none	B	[!#1:1][CX4H2:2]!@[CX4H2:3][!#1:4]	179.996	58.554	-	-	-	-	G
C48556229      none	B	[!#1:1][CX4H2:2]!@[NX3H1:3][!#1:4]	120.006	2.00811	-	-	-	-	O
C48556229      none	B	[cH1:1][c:2]([cH1])!@[NX3:3][CX4:4]	20.2682	2.88127	-	-	-	-	G
C48556229      none	B	[O-:1][N+:2](=O)!@[c:3]([cH0])[cH,nX2H0:4]	90.0237	0.274725	-	-	-	-	O
C62533304      none	B	[a:1][a:2]!@[NX3:3][!#1:4]	0.00189826	10.9271	-	-	-	-	G
C37404585      none	B	[cH1:1][c:2]([cH0])!@[O:3][c:4]	-59.9707	3.44086	-	-	-	-	G
C37404585      none	B	[aH0:1][c:2]!@[OX2:3][!#1:4]	-179.729	24.9334	-	-	-	-	G
C06551135      none	B	[a:1][c:2]!@[NX3H1:3][$([CX4r]([C;r])([C;r])):4]	-89.9915	0	-	-	-	-	R
C06551135      none	B	[aH0:1][c:2]([aH0])!@[SX2:3][!#1:4]	-149.998	0.43837	-	-	-	-	O
C06551135      none	B	[!#1:1][CX4:2]!@[SX2:3][!#1:4]	180	11.1654	-	-	-	-	G
C06551135      none	B	[a:1][c:2]!@[CX4H2:3][!#1:4]	90.2836	7.24386	-	-	-	-	G
C06551135      none	B	[!#1:1][CX4H1:2]!@[NX3:3][!#1:4]	-141.376	2.30811	-	-	-	-	G
C02768154      none	B	[a:1][a:2]!@[NX3:3][!#1:4]	60.0031	1.72297	-	-	-	-	O
C02768154      none	B	[*:1]~[CX3:2]!@[cX3:3]~[*:4]	0.0038346	13.8319	-	-	-	-	G
C02768154      none	B	[*:1]~[NX3:2]!@[NX2:3]~[*:4]	119.993	0.129503	-	-	-	-	R
C02768154      none	B	[O:1]=[CX3:2]!@[NX3H1:3][!#1:4]	0.0105193	63.7893	-	-	-	-	G
C02768154      none	B	[cH0:1][c:2]([cH1])!@[CX3:3]([NX3H1])=[O:4]	29.9962	2.4369	-	-	-	-	G
C39922148      none	B	[!#1:1][CX3:2]!@[SX2:3][!#1:4]	120.004	0.338855	-	-	-	-	R
C39922148      none	B	[!#1:1][CX4:2]!@[SX2:3][!#1:4]	180	11.1654	-	-	-	-	G
C20044865      none	B	[C:1][CH2:2]!@[O:3][CX4:4]	79.9933	1.71561	-	-	-	-	G
C20044865      none	B	[OX2:1][CX4H2:2]!@[CX4H2:3][N:4]	180	8.36763	-	-	-	-	G
C20044865      none	B	[!#1:1][CX4H2:2]!@[NX3H1:3][!#1:4]	60.0055	1.21645	-	-	-	-	O
C20044865      none	B	[cH0:1][c:2]([cH,nX2H0])!@[NX3H1:3][CX4:4]	19.996	0	-	-	-	-	R
C49259797      none	B	[aH1:1][c:2]([aH0])!@[SX2:3][!#1:4]	-59.7089	1.08949	-	-	-	-	O
C49259797      none	B	[!#1:1][CX4:2]!@[SX2:3][!#1:4]	-149.996	1.30312	-	-	-	-	G
C49259797      none	B	[!#1:1][CX4H2:2]!@[CX4H2:3][!#1:4]	-60.002	3.77933	-	-	-	-	G
C49259797      none	B	[C:1][CH2:2]!@[O:3][CX4:4]	-159.991	4.55295	-	-	-	-	G
C49259797      none	B	[H:1][CX4H1:2]!@[O:3][CX4:4]	-159.996	0.0294247	-	-	-	-	R
C36162061      none	B	[a:1][c:2]!@[CX4H1:3][N,O:4]	90.0011	1.22453	-	-	-	-	G
C36162061      none	B	[!#1:1][CX4:2]!@[CX4:3][!#1:4]	-159.998	1.85018	-	-	-	-	G
C62830807      none	B	[!#1:1][CX4:2]!@[CX4:3][!#1:4]	60.0023	12.3771	-	-	-	-	G
C62830807      none	B	[!#1:1][CX4:2]!@[SX2:3][!#1:4]	-159.999	3.18377	-	-	-	-	G
C62830807      none	B	[!#1:1][CX4:2]!@[SX2:3][!#1:4]	-54.781	2.72471	-	-	-	-	G
C37194158      none	B	[C:1][CH2:2]!@[O:3][CX4:4]	59.9986	0.263939	-	-	-	-	O
C37194158      none	B	[C:1][CH2:2]!@[O:3][CX4:4]	160.001	5.67469	-	-	-	-	G
C37194158      none	B	[!#1:1][CX4H2:2]!@[CX4H2:3][!#1:4]	180	58.554	-	-	-	-	G
C37194158      none	B	[!#1:1][CX4:2]!@[SX2:3][!#1:4]	-149.999	1.30312	-	-	-	-	G
C37194158      none	B	[aH1:1][c:2]([aH0])!@[SX2:3][!#1:4]	-60.0053	1.08949	-	-	-	-	O
C66883445      none	B	[a:1][c:2]!@[CX4H1:3][N,O:4]	-0.00444825	1.53503	-	-	-	-	G
C66883445      none	B	[$(C=O):1][O:2]!@[CH1:3][H:4]	29.9982	10.7465	-	-	-	-	G
C66883445      none	B	[O:1]=[C:2]!@[O:3]~[C:4]	29.9926	0.0796663	-	-	-	-	R
C66883445      none	B	[*^2:1]~[C^2:2]([!H])!@[C^2:3]~[*^2:4]	-149.99	1.11601	-	-	-	-	G
C66883445      none	B	[a:1][a:2]!@[CX3:3]=[CX3H1:4]	20.0038	2.80466	-	-	-	-	G
C49456168      none	B	[n,o,s:1][c:2]!@[CX4H2:3][CX4:4]	-179.732	8.82573	-	-	-	-	G
C13737085      none	B	[O:1]=[CX3:2]!@[NX3H0:3][!#1:4]	29.9987	0.680979	-	-	-	-	O
C13737085      none	B	[O:1]=[CX3:2]!@[NX3H1:3][!#1:4]	29.9996	0.0707142	-	-	-	-	O
C13737085      none	B	[$(C=O):1][NX3H1:2]!@[c:3]([cH1])[cH1:4]	60.0021	0.402739	-	-	-	-	R
C02383338      none	B	[*:1]~[CX3:2]!@[NX3:3]~[*:4]	-29.9997	0.593829	-	-	-	-	G
C02383338      none	B	[*:1]~[CX3:2]!@[NX3:3]~[*:4]	180	27.0317	-	-	-	-	G
C50972370      none	B	[a:1][c:2]!@[CX4H1:3][H:4]	30.001	4.04281	-	-	-	-	G
C50972370      none	B	[!#1:1][CX4:2]!@[CX4:3][!#1:4]	80.0232	1.75235	-	-	-	-	G
C52814464      none	B	[a:1][a:2]!@[NX3:3][!#1:4]	150.009	1.85775	-	-	-	-	O
C52814464      none	B	[cH1:1][c:2]([cH1])!@[NX3:3][a:4]	-119.723	2.53204	-	-	-	-	G
C50543951      none	B	[!#1:1][CH2:2]!@[n:3][a:4]	-89.6894	13.2844	-	-	-	-	G
C50543951      none	B	[cH1:1][c:2]([cH1])!@[CX4H2:3][CX4:4]	-149.954	0.411568	-	-	-	-	R
C50543951      none	B	[!#1:1][CX4H2:2]!@[CX4H2:3][!#1:4]	179.996	58.554	-	-	-	-	G
C50543951      none	B	[!#1:1][CX4:2]!@[CX4:3][!#1:4]	179.997	22.1548	-	-	-	-	G
C50543951      none	B	[!#1:1][CX4:2]!@[CX4:3][!#1:4]	180	22.1548	-	-	-	-	G
C42176028      none	B	[$(C=O):1][NX3H1:2]!@[CX4H0:3][C:4]	60.0047	13.3187	-	-	-	-	G
C42176028      none	B	[O:1]=[CX3:2]!@[NX3H1:3][!#1:4]	-0.00988408	63.7893	-	-	-	-	G
C42176028      none	B	[s:1][c:2]!@[C:3]([NH1])=[O:4]	-59.9896	0	-	-	-	-	R
C49808684      none	B	[a:1][c:2]!@[CX4H1:3][N,O:4]	59.9968	3.42939	-	-	-	-	G
C49808684      none	B	[a:1][c:2]!@[CX4H1:3][N,O:4]	-149.996	3.72593	-	-	-	-	G
C37879490      none	B	[cH1:1][c:2]([cH1])!@[NX3:3][CX4:4]	159.998	2.99518	-	-	-	-	G
C37879490      none	B	[!#1:1][CX4H2:2]!@[NX3H1:3][!#1:4]	119.997	2.00811	-	-	-	-	O
C37879490      none	B	[OX2:1][CX4:2]!@[CX4:3][N:4]	-159.995	1.21348	-	-	-	-	O
C37879490      none	B	[a:1][c:2]!@[CX4H1:3][N,O:4]	120	3.12238	-	-	-	-	G
C37995910      none	B	[aH1:1][c:2]([aH1])!@[SX2:3][!#1:4]	-30.0052	2.06819	-	-	-	-	G
C37995910      none	B	[aH0:1][c:2]([aH0])!@[SX2:3][!#1:4]	150	0.567303	-	-	-	-	O
C25503347      none	-	-	-	-	-	-	-	-	-
C45237120      none	B	[c:1][c:2]!@[c:3][s,o,nX3H1:4]	120.289	0.615501	-	-	-	-	O
C37939712      none	B	[!#1:1][CX4H2:2]!@[CX4H2:3][!#1:4]	60.0066	3.99483	-	-	-	-	G
C37939712      none	B	[!#1:1][CX4:2]!@[CX4:3][!#1:4]	59.9932	12.3771	-	-	-	-	G
C37939712      none	B	[C:1][CX4:2]!@[NX3;"N_lp":3][C:4]	79.9986	5.94326	-	-	-	-	G
C37939712      none	B	[!#1:1][CX4H2:2]!@[NX3H1;"N_lp":3][!#1:4]	79.997	3.50263	-	-	-	-	G
C37939712      none	B	[a:1][c:2]!@[CX4H2:3][!#1:4]	90.3297	7.24386	-	-	-	-	G
C37560698      none	B	[a:1][c:2]!@[NX3H1:3][$([CX4r]([C;r])([C;r])):4]	59.9987	1.13636	-	-	-	-	R
C37560698      none	B	[!#1:1][CX4H1:2]!@[NX3:3][!#1:4]	-160.001	2.4687	-	-	-	-	G
C03249126      none	B	[$(C=O):1][NX3H1:2]!@[c:3](s)[n:4]	0.0128466	0.574713	-	-	-	-	R
C03249126      none	B	[O:1]=[CX3:2]!@[NX3H1:3][!#1:4]	-0.0143357	63.7893	-	-	-	-	G
C03249126      none	B	[O:1]=[CX3:2]!@[CX4H1r3:3][H:4]	-89.9892	0	-	-	-	-	R
C44700141      none	B	[cH0:1][c:2]([cH1])!@[CX3:3]=[O:4]	179.997	9.87877	-	-	-	-	G
C16605384      none	B	[OX2:1][CX4:2]!@[CX4:3][N:4]	86.2534	1.01124	-	-	-	-	O
C16605384      none	B	[*:1]~[CX4:2]!@[NX2:3]~[*:4]	149.998	1.57491	-	-	-	-	G
C16605384      none	B	[*:1]~[CX4:2]!@[NX2:3]~[*:4]	149.997	1.57491	-	-	-	-	G
C16605384      none	B	[OX2:1][CX4:2]!@[CX4:3][N:4]	82.7619	3.55056	-	-	-	-	O
C37170580      none	B	[aH0:1][c:2]([aH0])!@[SX2:3][!#1:4]	-60.0046	1.39247	-	-	-	-	G
C37170580      none	B	[a:1][c:2]!@[CX4H1:3][H:4]	-85.6733	0.504612	-	-	-	-	O
C37170580      none	B	[!#1:1][CX4:2]!@[SX2:3][!#1:4]	-149.993	1.30312	-	-	-	-	G
C37170580      none	B	[!#1:1][CX4:2]!@[CX4:3][!#1:4]	-179.971	22.1548	-	-	-	-	G
C22332867      none	B	[a:1][c:2]!@[C:3]([NH0])=[O:4]	-60.0018	3.63889	-	-	-	-	G
C22332867      none	B	[O:1]=[CX3:2](a)!@[NX3H0:3][!#1:4]	-179.682	9.67842	-	-	-	-	G
C39956007      none	B	[a:1][c:2]!@[CX4H1:3][H:4]	59.9986	1.05062	-	-	-	-	G
C62539078      none	B	[!#1:1][CX4:2]!@[CX4:3][!#1:4]	179.816	22.1548	-	-	-	-	G
C02571692      none	-	-	-	-	-	-	-	-	-
C37883239      none	B	[cH0:1][c:2]!@[CX4H1:3][CX4:4]	-120.008	7.57923	-	-	-	-	G
C37883239      none	B	[OX2:1][CX4:2]!@[CX4:3][N:4]	-59.9991	14.8764	-	-	-	-	G
C37883239      none	B	[CX4:1][CX4H2:2]!@[NX3;"N_lp":3][CX4:4]	79.9927	8.72362	-	-	-	-	G
C37883239      none	B	[CX4:1][CX4H2:2]!@[NX3;"N_lp":3][CX4:4]	159.998	6.03015	-	-	-	-	G
C43374266      none	B	[!#1:1][CX4:2]!@[CX4:3][!#1:4]	60.0032	12.3771	-	-	-	-	G
C43374266      none	B	[!#1:1][CX4H2:2]!@[CX4H2:3][!#1:4]	179.995	58.554	-	-	-	-	G
C43374266      none	B	[!#1:1][CX4:2]!@[CX4:3][!#1:4]	160.002	1.81259	-	-	-	-	G
C43374266      none	B	[a:1][c:2]!@[CX4H1:3][N,O:4]	180	1.64318	-	-	-	-	G
C62726238      none	B	[cH0:1][c:2]([cH,nX2H0])!@[NX3H1:3][CX4:4]	160	3.7196	-	-	-	-	O
C62726238      none	B	[!#1:1][CX4H2:2]!@[NX3H1:3][!#1:4]	90.0005	6.33327	-	-	-	-	G
C62726238      none	B	[!#1:1][CX4H2:2]!@[CX4H2:3][!#1:4]	179.996	58.554	-	-	-	-	G
C62726238      none	B	[cH0:1][c:2]!@[CX4H2:3][CX4:4]	89.9997	18.5823	-	-	-	-	G
C62726238      none	B	[O-:1][N+:2](=O)!@[c:3]([cH0])[cH,nX2H0:4]	90.2084	0.274725	-	-	-	-	O
C53708408      none	B	[a:1][c:2]!@[CX4H1:3][N,O:4]	-90.0011	1.29082	-	-	-	-	G
C53708408      none	B	[C:1][CX4:2]!@[NX3;"N_lp":3][C:4]	-40.005	0.821028	-	-	-	-	G
C53708408      none	B	[CX4:1][CX4H2:2]!@[NX3;"N_lp":3][CX4:4]	-59.9994	4.98492	-	-	-	-	G
C53708408      none	B	[!#1:1][CX4H2:2]!@[CX4H2:3][!#1:4]	180	58.554	-	-	-	-	G
C53708408      none	B	[!#1:1][CX4H2:2]!@[CX4H2:3][!#1:4]	60.0048	3.99483	-	-	-	-	G
CHEMBL14640      none	B	[cH1:1][c:2]([cH1])!@[O:3][C:4]	30.0023	0.264964	-	-	-	-	O
CHEMBL14640      none	B	[C:1][CX4H2:2]!@[OX2:3][c:4]	119.998	0.336913	-	-	-	-	R
CHEMBL14640      none	B	[!#1:1][CX4:2]!@[CX3H0:3][!#1:4]	-30.2881	1.75844	-	-	-	-	G
C40261607      none	B	[a:1][c:2]!@[CX4H1:3][N,O:4]	-30.0029	3.61778	-	-	-	-	G
C40261607      none	B	[!#1:1][CX4:2]!@[CX4:3][!#1:4]	179.995	22.1548	-	-	-	-	G
C40261607      none	B	[n,o,s:1][c:2]!@[CX4H2:3][CX4:4]	-89.6874	5.3104	-	-	-	-	G
C44572603      none	B	[cH0:1][c:2]([cH,nX2H0])!@[NX3H1:3][CX4:4]	180	49.7854	-	-	-	-	G
C44572603      none	B	[!#1:1][CX4H2:2]!@[NX3H1:3][!#1:4]	-150.008	1.95018	-	-	-	-	O
C44572603      none	B	[!#1:1][CX4:2]!@[CX4:3][!#1:4]	-179.583	22.1548	-	-	-	-	G
C41218507      none	B	[cH0:1][c:2]!@[CX4H2:3][CX4:4]	-89.9942	18.481	-	-	-	-	G
C41218507      none	B	[c:1][c:2]!@[c:3][s,o,nX3H1:4]	120.32	0.615501	-	-	-	-	O
C41218507      none	B	[!#1:1][CX4H2:2]!@[CX4H2:3][!#1:4]	179.998	58.554	-	-	-	-	G
C36922541      none	B	[!#1:1][CX4H1:2]!@[NX3:3][!#1:4]	149.998	2.7681	-	-	-	-	G
C36922541      none	B	[cH0:1][c:2]([cH,nX2H0])!@[NX3H1:3][CX4:4]	90.0023	0	-	-	-	-	R
C42394967      none	B	[CX3:1]=[CX3:2]!@[CH2:3][C:4]	89.9926	6.55348	-	-	-	-	G
C42394967      none	B	[!#1:1][CX4:2]!@[CX4:3][!#1:4]	160.007	1.81259	-	-	-	-	G
C42394967      none	B	[a:1][c:2]!@[CX4H1:3][N,O:4]	-29.7342	3.61778	-	-	-	-	G
C37785441      none	B	[!#1:1][CX4H1:2]!@[NX3:3][!#1:4]	-150.004	2.59662	-	-	-	-	G
C37785441      none	B	[a:1][c:2]!@[NX3H1:3][$([CX4r]([C;r])([C;r])):4]	59.9962	1.13636	-	-	-	-	R
C39948464      none	B	[CX3:1]=[CX3:2]!@[CH2:3][!#1:4]	-150.002	1.01803	-	-	-	-	G
C39948464      none	B	[!#1:1][CX4:2]!@[SX2:3][!#1:4]	180	11.1654	-	-	-	-	G
C39948464      none	B	[!#1:1][CX3:2]!@[SX2:3][!#1:4]	89.7295	1.80723	-	-	-	-	G
C52928519      none	B	[O:1]=[CX3:2]!@[NX3H1:3][!#1:4]	0.00535273	63.7893	-	-	-	-	G
C52928519      none	B	[$(C=O):1][NX3H1:2]!@[c:3]([cH0]F)[cH:4]	90.2816	0	-	-	-	-	R
C52928519      none	B	[cH1:1][c:2]([cH1])!@[CX3:3]=[O:4]	30.0098	3.1746	-	-	-	-	G
C52928519      none	B	[O:1]=[C:2]!@[O:3]~[!#1:4]	-30.0004	0.0844276	-	-	-	-	R
C52928519      none	B	[$(C=O):1][O:2]!@[c:3]~[*:4]	-59.9994	3.51406	-	-	-	-	G
C04354991      none	B	[CX4:1][CX4H2:2]!@[NX3:3][CX4:4]	30.0121	0.0123031	-	-	-	-	R
C04354991      none	B	[CX4:1][CX4H2:2]!@[NX3:3][CX4:4]	89.9901	8.80906	-	-	-	-	G
C04354991      none	B	[cH0:1][c:2]([cH,nX2H0])!@[NX3H0:3][CX4:4]	-29.999	1.28499	-	-	-	-	G
C04354991      none	B	[cH1:1][a:2]([cH1])!@[a:3]([sX2,o,nX2H0,nX3H1:4])([cH0])	150.276	4.18245	-	-	-	-	O
C08337131      none	B	[O-:1][N+:2](=O)!@[c:3]([cH0])[cH,nX2H0:4]	89.6941	0.274725	-	-	-	-	O
C08337131      none	B	[a:1][a:2]!@[NX3:3][!#1:4]	-60.0065	1.73028	-	-	-	-	O
C08337131      none	B	[!#1:1][CX4H1:2]!@[NX3:3][!#1:4]	-76.6043	4.33043	-	-	-	-	G
C13563737      none	B	[*:1]~[cX3:2]!@[NX2:3]~[*:4]	120.012	1.45599	-	-	-	-	O
C13563737      none	B	[cH1:1][c:2]([cH0])!@[CX3x0:3]=[NX2:4]	30.2653	0.850762	-	-	-	-	G
C13563737      none	B	[cH0:1][c:2]([cH0])!@[O:3][C:4]	-90.0028	14.1718	-	-	-	-	G
C40229811      none	B	[a:1][a:2]!@[NX3:3][!#1:4]	-89.9963	1.65296	-	-	-	-	O
C40229811      none	B	[cH1:1][c:2]([cH0])!@[NX3:3][a:4]	-149.725	0.124844	-	-	-	-	R
C35287138      none	B	[!#1:1][CX4:2]!@[CX4:3][!#1:4]	-59.2368	12.2558	-	-	-	-	G
C35287138      none	B	[C:1][CX4:2]!@[NX3:3][C:4]	-90.0033	4.74684	-	-	-	-	G
C35287138      none	B	[!#1:1][CX4:2]!@[CX4:3][!#1:4]	180	22.1548	-	-	-	-	G
C37555550      none	B	[*:1]~[N,n:2]!@[S:3]~[*:4]	-119.993	1.19852	-	-	-	-	G
C37555550      none	B	[aH0:1][c:2]([aH0])!@[SX4:3][!#1:4]	-0.00314504	0.418994	-	-	-	-	R
C04867781      none	B	[cH1:1][c:2]([cH1])!@[CX3:3]=[O:4]	-60.0025	0.295938	-	-	-	-	R
C04867781      none	B	[$(C=O):1][NX3:2]!@[a:3][aH0:4]	-149.998	1.98526	-	-	-	-	O
C04867781      none	B	[O:1]=[CX3:2]!@[NX3H1:3][!#1:4]	-0.00314029	63.7893	-	-	-	-	G
C04867781      none	B	[$([cH0]F):1][c:2]([cH1])!@[CX3:3]([NX3H1])=[O:4]	119.999	0	-	-	-	-	R
C04867781      none	B	[O:1]=[C:2]!@[O:3]~[C:4]	-0.00612554	74.4927	-	-	-	-	G
C19845681      none	B	[aH0:1][c:2]([aH0])!@[SX2:3][!#1:4]	119.998	1.75348	-	-	-	-	G
C19845681      none	B	[aH0:1][c:2]([aH0])!@[SX2:3][!#1:4]	29.9927	0.412584	-	-	-	-	O
C42268486      none	B	[a:1][c:2]!@[CX4H1:3][N,O:4]	150.009	3.7643	-	-	-	-	G
C42268486      none	B	[a:1][c:2]!@[CX4H1:3][N,O:4]	-89.7297	1.29082	-	-	-	-	G
C38040122      none	B	[cH0:1][c:2]([cH0])!@[NX3:3][CX4:4]	120.265	2.86686	-	-	-	-	O
C44125138      none	B	[!#1:1][CX3:2]!@[SX2:3][!#1:4]	90.0009	1.80723	-	-	-	-	G
C44125138      none	B	[!#1:1][CX3:2]!@[SX2:3][!#1:4]	-29.9997	1.54367	-	-	-	-	G
C44125138      none	B	[*:1]~[cX3:2]!@[NX2:3]~[*:4]	30.3289	1.49735	-	-	-	-	O
C40275578      none	B	[cH0:1][c:2]!@[CX4H1:3][CX4:4]	-89.9898	3.91099	-	-	-	-	G
C40275578      none	B	[!#1:1][CX4:2]!@[CX4:3][!#1:4]	159.991	1.81259	-	-	-	-	G
C40275578      none	B	[n,o,s:1][c:2]!@[CX4H2:3][CX4:4]	135.303	0.52356	-	-	-	-	O
C40941745      none	B	[cH1:1][c:2]([cH1])!@[CX3:3]=[O:4]	-60.0069	0.295938	-	-	-	-	R
C40941745      none	B	[C:1][CX4:2]!@[CX3:3]=[O:4]	175.083	0.827213	-	-	-	-	G
C18030778      none	B	[cH1:1][c:2]([cH1])!@[CX3:3]=[O:4]	120.262	0.410277	-	-	-	-	R
C18030778      none	B	[*:1]~[cX3:2]!@[NX2:3]~[*:4]	150	1.9358	-	-	-	-	O
C18030778      none	B	[cH1:1][c:2]([cH1])!@[CX3:3]=[NX2:4]	-149.845	2.34391	-	-	-	-	G
C18030778      none	B	[cH1,nX2H0:1][c:2]([cH1,nX2H0])!@[NX3r:3][*:4]	150.31	1.71312	-	-	-	-	O
C35269839      none	-	-	-	-	-	-	-	-	-
C63075969      none	B	[a:1][c:2]!@[CX4H1:3][N,O:4]	-120.008	3.08052	-	-	-	-	G
C63075969      none	B	[a:1][c:2]!@[CX4H1:3][N,O:4]	-119.999	3.08052	-	-	-	-	G
C62360535      none	B	[n,o,s:1][c:2]!@[CX4H2:3][CX4:4]	-90.0096	5.3104	-	-	-	-	G
C62360535      none	B	[!#1:1][CX4:2]!@[CX4:3][!#1:4]	159.993	1.81259	-	-	-	-	G
C62360535      none	B	[a:1][c:2]!@[CX4H1:3][H:4]	59.9905	1.05062	-	-	-	-	G
C00392459      none	-	-	-	-	-	-	-	-	-
C51755130      none	B	[a:1][c:2]!@[CX4H1:3][N,O:4]	-60.003	3.48172	-	-	-	-	G
C51755130      none	B	[C:1][CX4:2]!@[NX3;"N_lp":3][C:4]	-79.998	6.10869	-	-	-	-	G
C12370880      none	B	[a:1][c:2]!@[CX4H2:3][!#1:4]	135.005	1.69481	-	-	-	-	O
C49964492      none	B	[!#1:1][CX4H2:2]!@[CX4H2:3][!#1:4]	180	58.554	-	-	-	-	G
C49964492      none	B	[!#1:1][CX4H2:2]!@[CX4H2:3][!#1:4]	180	58.554	-	-	-	-	G
C49964492      none	B	[!#1:1][CX4:2]!@[SX3:3][!#1:4]	156.895	2.24239	-	-	-	-	O
C49964492      none	B	[!#1:1][CX4:2]!@[SX3:3][!#1:4]	-160.001	2.34917	-	-	-	-	G
C49964492      none	B	[cH0:1][c:2]!@[CX4H2:3][N,O,S:4]	134.996	0.685166	-	-	-	-	G
C05759388      none	-	-	-	-	-	-	-	-	-
C36667376      none	B	[cH1:1][c:2]([cH0])!@[O:3][c:4]	-119.786	1.72043	-	-	-	-	G
C36667376      none	B	[aH0:1][c:2]!@[OX2:3][!#1:4]	90.2815	6.39603	-	-	-	-	G
C24053203      none	B	[aH0:1][c:2]!@[OX2:3][!#1:4]	-90.0004	6.47358	-	-	-	-	G
C24053203      none	B	[cH1:1][c:2]([cH0])!@[O:3][c:4]	60.2714	2.58065	-	-	-	-	G
C63104642      none	B	[a:1][c:2]!@[CX4H1:3][N,O:4]	-60.0082	3.48172	-	-	-	-	G
C63104642      none	B	[!#1:1][CX4H1:2]!@[NX3:3][!#1:4]	90.0005	2.80893	-	-	-	-	G
C63104642      none	B	[a:1][a:2]!@[NX3:3][!#1:4]	0.00144482	10.9271	-	-	-	-	G
CHEMBL404505      none	B	[a:1][c:2]!@[C:3](=[$([N][CX4]):4])([$(N[CX4])])	120.285	1.78117	-	-	-	-	G
C65403246      none	B	[a:1][c:2]!@[CX4H1:3][H:4]	-175.683	7.22227	-	-	-	-	G
C65403246      none	B	[n,o,s:1][c:2]!@[CX4H2:3][CX4:4]	179.997	8.82573	-	-	-	-	G
C65403246      none	B	[!#1:1][CX4:2]!@[CX4:3][!#1:4]	-162.782	1.85018	-	-	-	-	G
C62498564      none	-	-	-	-	-	-	-	-	-
C54159182      none	B	[s:1][c:2]([aX2,cH1])!@[CX3:3]=[O:4]	-0.0040837	46.5608	-	-	-	-	G
C54159182      none	B	[c:1][c:2]!@[c:3][s,o,nX3H1:4]	-179.443	12.4984	-	-	-	-	G
C00084940      none	-	-	-	-	-	-	-	-	-
C44119959      none	B	[a:1][c:2]!@[CX4H1:3][H:4]	-120.008	0.954033	-	-	-	-	G
C58480354      none	-	-	-	-	-	-	-	-	-
C44264409      none	B	[c:1][c:2]!@[c:3][s,o,nX3H1:4]	-179.722	12.4984	-	-	-	-	G
C37147327      none	B	[*:1]~[CX4:2]!@[n:3]~[*:4]	120.009	3.12393	-	-	-	-	G
C39956891      none	B	[aH1:1][c:2]([aH0])!@[SX2:3][!#1:4]	-60.0015	1.08949	-	-	-	-	O
C39956891      none	B	[O-:1][N+:2](=O)!@[c:3]([cH,nX2H0])[cH,nX2H0:4]	179.98	23.2156	-	-	-	-	G
C40713706      none	B	[!#1:1][CX4H1:2]!@[NX3:3][!#1:4]	90.0008	2.80893	-	-	-	-	G
C40713706      none	B	[a:1][c:2]!@[NX3H1:3][$([CX4r]([C;r])([C;r])):4]	120.001	0.568182	-	-	-	-	R
C63008714      none	B	[a:1][c:2]!@[CX4H0:3][CX4:4]	-38.6213	1.76182	-	-	-	-	O
C50046504      none	B	[aH1:1][c:2]([aH0])!@[SX2:3][!#1:4]	119.996	1.24514	-	-	-	-	O
C50046504      none	B	[!#1:1][CX4:2]!@[SX2:3][!#1:4]	180	11.1654	-	-	-	-	G
C50046504      none	B	[cH0:1][c:2]!@[CX4H2:3][N,O,S:4]	-135.003	0.959233	-	-	-	-	G
C47218736      none	B	[$(C=O):1][O:2]!@[CH2:3]~[C:4]	89.9903	4.53893	-	-	-	-	G
C47218736      none	B	[O:1]=[C:2]!@[O:3]~[C:4]	0.0102723	74.4927	-	-	-	-	G
C47218736      none	B	[C:1][CX4:2]!@[CX3:3]=[O:4]	59.9933	2.38699	-	-	-	-	G
C47218736      none	B	[*:1]~[CX4:2]!@[n:3]~[*:4]	149.999	3.15253	-	-	-	-	G
C37908123      none	B	[cH0:1][c:2]([cH,nX2H0])!@[NX3H1:3][CX4:4]	-150	1.00143	-	-	-	-	O
C37908123      none	B	[!#1:1][CX4H1:2]!@[NX3:3][!#1:4]	60.004	5.65868	-	-	-	-	G
C37908123      none	B	[a:1][c:2]!@[CX4H1:3][N,O:4]	-59.994	3.48172	-	-	-	-	G
C37089107      none	B	[a:1][c:2]!@[NX3H1:3][$([CX4r]([C;r])([C;r])):4]	-90.0008	0	-	-	-	-	R
C37089107      none	B	[!#1:1][CX4H1:2]!@[NX3:3][!#1:4]	-150.444	2.59662	-	-	-	-	G
C37351076      none	B	[!#1:1][CX4H2:2]!@[CX4H2:3][!#1:4]	180	58.554	-	-	-	-	G
C37351076      none	B	[C:1][CH2:2]!@[O:3][CX4:4]	-80.001	1.18773	-	-	-	-	G
C37351076      none	B	[C:1][CH2:2]!@[O:3][CX4:4]	-80.0014	1.18773	-	-	-	-	G
C37351076      none	B	[O:1][CX4:2]!@[CX3:3]=[O:4]	-59.9928	0.530348	-	-	-	-	O
C37351076      none	B	[a:1][a:2]!@[CX3:3]=[O:4]	-60.0055	0.753398	-	-	-	-	O
C00160127      none	B	[a:1][c:2]!@[CX4H2:3][!#1:4]	135.006	1.69481	-	-	-	-	O
C35294780      none	B	[*:1]~[cX3:2]!@[NX2:3]~[*:4]	-59.7231	1.53044	-	-	-	-	O
C35294780      none	B	[cH0:1][c:2]([cH1])!@[O:3][C:4]	180	48.7454	-	-	-	-	G
C13862244      none	B	[a:1][c:2]!@[CX4H2:3][a:4]	179.998	2.38722	-	-	-	-	O
C13862244      none	B	[a:1][c:2]!@[CX4H2:3][a:4]	-44.6863	1.48496	-	-	-	-	O
C05533803      none	B	[$(C=O):1][NX3H1:2]!@[c:3](s)[n:4]	0.00339809	0.574713	-	-	-	-	R
C05533803      none	B	[O:1]=[CX3:2]!@[NX3H1:3][!#1:4]	179.997	2.24265	-	-	-	-	G
C05533803      none	B	[O:1]=[CX3:2]([NH1])!@[CH2:3][C:4]	-90.0012	1.868	-	-	-	-	O
C05533803      none	B	[!#1:1][CX4H2:2]!@[CX4H2:3][!#1:4]	180	58.554	-	-	-	-	G
C57514847      none	B	[!#1:1][CX4:2]!@[CX4:3][!#1:4]	-60.002	12.2558	-	-	-	-	G
C57514847      none	B	[a:1][c:2]!@[CX4H0:3][CX4:4]	60.0048	5.94035	-	-	-	-	G
C36820397      none	B	[H:1][CX4H1:2]!@[O:3][CX4:4]	79.9907	0.0588495	-	-	-	-	O
C36820397      none	B	[*:1][CX4:2]!@[O:3][CX4:4]	-159.995	2.38538	-	-	-	-	G
C36820397      none	B	[cH0:1][c:2]!@[CX4H2:3][N,O,S:4]	-44.7015	3.01473	-	-	-	-	G
C67369667      none	B	[cH1,nX2H0:1][c:2]([cH1,nX2H0])!@[NX3r:3][*:4]	150.291	1.71312	-	-	-	-	O
C67369667      none	B	[$(C=O):1][NX3H0:2]!@[CX4H1:3][H:4]	-120.372	0	-	-	-	-	R
C20605069      none	B	[n,o,s:1][c:2]!@[CX4H2:3][CX4:4]	45.0006	2.99177	-	-	-	-	O
C20605069      none	B	[c:1][c:2]!@[c:3][s,o,nX3H1:4]	120.559	0.615501	-	-	-	-	O
C04760467      none	B	[a:1][c:2]!@[CX4H0:3][CX4:4]	29.9991	1.45038	-	-	-	-	O
C04760467      none	B	[O-:1][N+:2](=O)!@[c:3]([cH,nX2H0])[cH,nX2H0:4]	179.971	23.2156	-	-	-	-	G
C02034059      none	B	[a:1][c:2]!@[CX4H1:3][H:4]	-119.995	0.954033	-	-	-	-	G
C07136434      none	B	[!#1:1][CX4H2:2]!@[CX4H2:3][!#1:4]	60.0005	3.99483	-	-	-	-	G
C07136434      none	B	[!#1:1][CH2:2]!@[n:3][cH0:4]	90.3067	14.7896	-	-	-	-	G
C07136434      none	B	[*:1]~[CX3:2]!@[NX2:3]~[*:4]	-29.9974	0.217973	-	-	-	-	O
C07136434      none	B	[cH1:1][c:2]([cH1])!@[CX3:3]=[O:4]	-179.723	13.4921	-	-	-	-	G
C64435809      none	B	[c:1][c:2]([cH0])!@[c:3][nX2H0:4]	-149.684	2.55738	-	-	-	-	O
C64435809      none	B	[!#1:1][CX4r:2]!@[CX4r:3][!#1:4]	63.1151	11.8028	-	-	-	-	G
C43667894      none	B	[!#1:1][CX4:2]!@[CX4:3][!#1:4]	60.0046	12.3771	-	-	-	-	G
C43667894      none	B	[!#1:1][CX4:2]!@[CX4:3][!#1:4]	-159.999	1.85018	-	-	-	-	G
C43667894      none	B	[!#1:1][CH2:2]!@[n:3][cH0:4]	90.3071	14.7896	-	-	-	-	G
C08197143      none	B	[aH0:1][c:2]([aH0])!@[SX2:3][!#1:4]	-60.0002	1.39247	-	-	-	-	G
C08197143      none	B	[aH1:1][c:2]([aH0])!@[SX2:3][*R:4]	-0.000533548	13.5204	-	-	-	-	G
C08197143      none	B	[O-:1][N+:2](=O)!@[c:3]([cH,nX2H0])[cH,nX2H0:4]	179.983	23.2156	-	-	-	-	G
C50972019      none	B	[a:1][c:2]!@[CX4H1:3][N,O:4]	149.999	3.7643	-	-	-	-	G
C50972019      none	B	[cH0:1][c:2]([cH1])!@[O:3][C:4]	-90.0075	0.64732	-	-	-	-	R
C50972019      none	B	[OX2:1][CX4:2]!@[CX4:3][OX2:4]	-159.987	0.511128	-	-	-	-	O
C50963679      none	B	[$(C=O):1][NX3H1:2]!@[c:3](s)[n:4]	180	66.092	-	-	-	-	G
C50963679      none	B	[O:1]=[CX3:2]!@[NX3H1:3][!#1:4]	-0.00890242	63.7893	-	-	-	-	G
C50963679      none	B	[O:1][CX4:2]!@[CX3:3]=[O:4]	-89.9534	0.491063	-	-	-	-	O
C26894786      none	-	-	-	-	-	-	-	-	-
C39568866      none	B	[CX3:1]=[CX3:2]!@[CH2:3][C:4]	90	6.55348	-	-	-	-	G
C47865709      none	B	[$([C](=O)):1][NX3:2]!@[a:3](s)[a:4]	119.951	0	-	-	-	-	R
C47865709      none	B	[O:1]=[CX3:2]!@[NX3H1:3][!#1:4]	-0.00825135	63.7893	-	-	-	-	G
C47865709      none	B	N[C:2](=[O:1])!@[CH2:3][N:4]	30.0103	5.20833	-	-	-	-	G
C47865709      none	B	[*:1]~[CX4:2]!@[NX4:3]~[*:4]	-79.3555	2.10499	-	-	-	-	G
C47865709      none	B	[!#1:1][CX4:2]!@[CX4:3][!#1:4]	79.9968	1.75235	-	-	-	-	G
C45628686      none	B	[a:1][c:2]!@[CX4H2:3][!#1:4]	-90.0033	7.30446	-	-	-	-	G
C45628686      none	B	[*:1]~[CX4:2]!@[NX4:3]~[*:4]	59.9969	15.3058	-	-	-	-	G
C45628686      none	B	[*:1]~[CX4:2]!@[NX4:3]~[*:4]	-59.9963	15.3415	-	-	-	-	G
C45628686      none	B	[!#1:1][CX4:2]!@[CX4:3][!#1:4]	-60.8296	12.2558	-	-	-	-	G
C54823306      none	B	[a:1][c:2]!@[NX3H1:3][$([CX4r]([C;r])([C;r])):4]	59.9931	1.13636	-	-	-	-	R
C54823306      none	B	[!#1:1][CX4H1:2]!@[NX3:3][!#1:4]	81.3921	3.82417	-	-	-	-	G
C39338089      none	B	[cH0:1][c:2]([cH,nX2H0])!@[NX3H1:3][CX4:4]	-119.996	0	-	-	-	-	R
C39338089      none	B	[!#1:1][CX4H1:2]!@[NX3:3][!#1:4]	-165.237	2.2945	-	-	-	-	G
C41650936      none	B	[!#1:1][CX4H2:2]!@[NX3H1:3][!#1:4]	90.0026	6.33327	-	-	-	-	G
C41650936      none	B	[a:1][a:2]!@[NX3:3][!#1:4]	-179.664	11.4213	-	-	-	-	G
C41650936      none	B	[a:1][c:2]!@[CX4H1:3][H:4]	-119.993	0.954033	-	-	-	-	G
C30875283      none	B	[aH0:1][c:2]([aH0])!@[SX2:3][!#1:4]	-0.00698115	13.1253	-	-	-	-	G
C30875283      none	B	[cH1:1][a:2]([cH0])!@[a:3]([cH1])[cH0:4]	119.994	7.19008	-	-	-	-	G
C55267140      none	B	[n,o,s:1][c:2]!@[CX4H2:3][CX4:4]	-0.0039026	6.43231	-	-	-	-	G
C55267140      none	B	[!#1:1][CX4:2]!@[CX4:3][!#1:4]	-79.9915	1.71775	-	-	-	-	G
C55267140      none	B	[!#1:1][CX4:2]!@[CX4:3][!#1:4]	180	22.1548	-	-	-	-	G
C55267140      none	B	[!#1:1][CX4H2:2]!@[CX4H2:3][!#1:4]	179.996	58.554	-	-	-	-	G
C55267140      none	B	[!#1:1][CX4:2]!@[CX4:3][!#1:4]	59.9982	12.3771	-	-	-	-	G
C52859114      none	B	[cH0:1][c:2]([cH,nX2H0])!@[NX3H0:3][CX4:4]	-59.7165	5.09408	-	-	-	-	G
C52859114      none	B	[OX2:1][CX4:2]!@[CX4:3][N:4]	-79.9992	3.59551	-	-	-	-	G
C20252533      none	B	[!#1:1][CX4H2:2]!@[CX4H2:3][!#1:4]	179.987	58.554	-	-	-	-	G
C20252533      none	B	[!#1:1][CX4:2]!@[CX4:3][!#1:4]	59.9948	12.3771	-	-	-	-	G
C20252533      none	B	[a:1][c:2]!@[CX4H1:3][H:4]	-119.996	0.954033	-	-	-	-	G
C41060182      none	B	[a:1][c:2]!@[CX4H1:3][N,O:4]	-90.001	1.29082	-	-	-	-	G
C41060182      none	B	[a:1][c:2]!@[CX4H1:3][N,O:4]	0.00900695	1.53503	-	-	-	-	G
C44122083      none	B	[a:1][c:2]!@[CX4H1:3][H:4]	-119.998	0.954033	-	-	-	-	G
C51960278      none	B	[a:1][c:2]!@[CX4H1:3][N,O:4]	-150.002	3.72593	-	-	-	-	G
C51960278      none	B	[C:1][CX4:2]!@[NX3;"N_lp":3][C:4]	-40.0012	0.821028	-	-	-	-	G
C51960278      none	B	[C:1][CX4H2:2]!@[NX3;"N_lp":3][C:4]	-160	6.16939	-	-	-	-	G
C51960278      none	B	[CX3:1]=[CX3:2]!@[CH2:3][!#1:4]	89.9955	5.15376	-	-	-	-	G
C59520040      none	-	-	-	-	-	-	-	-	-
C39115274      none	B	[*:1]~[CX4:2]!@[CX3:3]~[*:4]	-150	1.96482	-	-	-	-	G
C39115274      none	B	[*:1]~[CX4:2]!@[CX3:3]~[*:4]	59.997	5.3091	-	-	-	-	G
C52852267      none	B	[!#1:1][CX4:2]!@[CX4:3][!#1:4]	60.0003	12.3771	-	-	-	-	G
C52852267      none	B	[!#1:1][CX4H2:2]!@[CX4H2:3][!#1:4]	179.998	58.554	-	-	-	-	G
C52852267      none	B	[!#1:1][CH2:2]!@[n:3][cH0:4]	-135	0.892478	-	-	-	-	R
C39064891      none	B	[C:1][CX4:2]!@[CX3:3]=[O:4]	168.291	0.666313	-	-	-	-	G
C02454690      none	B	[a:1][c:2]!@[CX4H1:3][H:4]	-149.999	3.82796	-	-	-	-	G
C62534058      none	B	[cH1:1][c:2]([cH1])!@[CX3:3]=[O:4]	-149.721	3.39656	-	-	-	-	O
C62534058      none	B	[a:1][c:2]!@[CX4H1:3][H:4]	-123.979	0.954033	-	-	-	-	G
C19413267      none	B	[a:1][c:2]!@[CX4H2:3][CX3:4]	-90.003	7.62274	-	-	-	-	G
C19413267      none	B	[!#1:1][CX4:2]!@[CX3H0:3][!#1:4]	30.0046	1.49834	-	-	-	-	G
C37287445      none	B	[!#1:1][CX4H2:2]!@[CX4H2:3][!#1:4]	-59.9938	3.77933	-	-	-	-	G
C37287445      none	B	[cH1:1][c:2]([cH1])!@[CX4H2:3][CX4:4]	-30.0046	0.300334	-	-	-	-	R
C37287445      none	B	[cH1,nX2H0:1][c:2]([cH1,nX2H0])!@[NX3r:3][*:4]	150.289	1.71312	-	-	-	-	O
C37287445      none	B	[*:1]~[CX4:2]!@[NX4:3]~[*:4]	180	15.0612	-	-	-	-	G
C53044855      none	B	[!#1:1][CX4:2]!@[CX4:3][!#1:4]	171.503	7.77068	-	-	-	-	G
C53044855      none	B	[!#1:1][CX4:2]!@[CX4:3][!#1:4]	60.0035	12.3771	-	-	-	-	G
C53044855      none	B	[*:1]~[cX3:2]!@[NX2:3]~[*:4]	-89.7363	2.13435	-	-	-	-	O
C37312945      none	B	[H:1][CX4H1:2]!@[O:3][CX4:4]	39.997	11.9906	-	-	-	-	G
C37312945      none	B	[!#1:1][CX4H1:2]!@[NX3:3][!#1:4]	-119.998	4.10724	-	-	-	-	O
C37312945      none	B	[a:1][c:2]!@[NX3H1:3][$([CX4r]([C;r])([C;r])):4]	29.9509	0.852273	-	-	-	-	G
C37312945      none	B	[cH1,nX2H0:1][c:2]([cH1,nX2H0])!@[NX3r:3][*:4]	-59.6839	2.69113	-	-	-	-	O
C67650851      none	B	[a:1][c:2]!@[CX4H2:3][a:4]	-135.002	1.74812	-	-	-	-	O
C67650851      none	B	[!#1:1][CH2:2]!@[n:3][a:4]	90.2998	13.2097	-	-	-	-	G
C02032280      none	-	-	-	-	-	-	-	-	-
C58855282      none	B	[*:1]~[CX4:2]!@[NX4:3]~[*:4]	60.0021	15.3058	-	-	-	-	G
C58855282      none	B	[*:1]~[CX4:2]!@[NX4:3]~[*:4]	180	15.0612	-	-	-	-	G
C58855282      none	B	[!#1:1][CX4H2:2]!@[CX4H2:3][!#1:4]	-60.0004	3.77933	-	-	-	-	G
C58855282      none	B	[!#1:1][CX4H2:2]!@[NX3H1:3][!#1:4]	150.006	1.87295	-	-	-	-	O
C58855282      none	B	[cH1:1][c:2]([cH1])!@[NX3:3][CX4:4]	-159.726	2.66685	-	-	-	-	O
C19869410      none	-	-	-	-	-	-	-	-	-
C35345707      none	B	[H:1][CX4H1:2]!@[OX2:3][!#1:4]	29.9984	9.32817	-	-	-	-	G
C35345707      none	B	[cH1,n:1][c:2]!@[O:3][CRH1:4]	-59.9935	0.609756	-	-	-	-	R
C51153070      none	B	[n,o,s:1][c:2]!@[CX4H2:3][CX4:4]	179.998	8.82573	-	-	-	-	G
C51153070      none	B	[a:1][a:2]!@[NX3:3][!#1:4]	0.00516375	10.9271	-	-	-	-	G
C51153070      none	B	[a:1][c:2]!@[CX4H1:3][H:4]	29.9947	4.04281	-	-	-	-	G
C05008331      none	B	[a:1][c:2]!@[NX3H1:3][$([CX4r]([C;r])([C;r])):4]	-119.997	0.284091	-	-	-	-	R
C05008331      none	B	[!#1:1][CX4H1:2]!@[NX3:3][!#1:4]	79.4499	3.82417	-	-	-	-	G
C61706554      none	B	[cH0:1][c:2]!@[CX4H2:3][CX4:4]	134.991	0.481013	-	-	-	-	R
C61706554      none	B	[a:1][c:2]!@[C:3]([NH0])=[O:4]	-30.0048	2.55556	-	-	-	-	G
C61706554      none	B	[O:1]=[CX3:2](a)!@[NX3H0:3][!#1:4]	-29.6762	1.17502	-	-	-	-	O
C37628268      none	B	[C:1][CX4H2:2]!@[OX2:3][c:4]	179.997	43.8829	-	-	-	-	G
C37628268      none	B	[cH0:1][c:2]([cH0])!@[O:3][C:4]	90.2774	14.2516	-	-	-	-	G
C37628268      none	B	[cH0:1][c:2]([cH1])!@[O:3][C:4]	179.996	48.7454	-	-	-	-	G
C37628268      none	B	[aH0:1][c:2]([aH0])!@[SX2:3][!#1:4]	120.001	1.75348	-	-	-	-	G
C11601799      none	B	[cH0:1][c:2]!@[CX4H1:3][CX4:4]	-89.9953	3.91099	-	-	-	-	G
C11601799      none	B	[!#1:1][CX4:2]!@[CX4:3][!#1:4]	179.997	22.1548	-	-	-	-	G
C11601799      none	B	[n,o,s:1][c:2]!@[CX4H2:3][CX4:4]	-89.9988	5.3104	-	-	-	-	G
C22003908      none	B	[!#1:1][CX4:2]!@[CX4:3][!#1:4]	180	22.1548	-	-	-	-	G
C22003908      none	B	[!#1:1][CX4:2]!@[CX3H0:3][!#1:4]	89.9893	2.78327	-	-	-	-	G
C22003908      none	B	[!#1:1][CX3:2]!@[SX2:3][!#1:4]	30.0074	1.50602	-	-	-	-	G
C22003908      none	B	[*:1]~[CX3:2]!@[SX2:3]~[*:4]	179.997	17.5939	-	-	-	-	G
C40885167      none	B	[cH1,nX2H0:1][c:2]([cH1,nX2H0])!@[NX3r:3][*:4]	-59.7213	2.69113	-	-	-	-	O
C40885167      none	B	[a:1][c:2]!@[CX4H2:3][!#1:4]	44.9969	1.59785	-	-	-	-	O
C02578546      none	B	[$(C=O):1][O:2]!@[CH2:3]~[C:4]	-59.992	0.0287274	-	-	-	-	R
C02578546      none	B	[O:1]=[C:2]!@[O:3]~[C:4]	-60.0102	0.0117156	-	-	-	-	R
C02578546      none	B	[a:1][a:2]!@[CX3:3]=[O:4]	0.345736	15.3068	-	-	-	-	G
C50268946      none	B	[cH0:1][c:2]([cH,nX2H0])!@[NX3H1:3][CX4:4]	-160.017	4.72103	-	-	-	-	O
C50268946      none	B	[O-:1][N+:2](=O)!@[c:3]([cH,nX2H0])[cH,nX2H0:4]	179.991	23.2156	-	-	-	-	G
C50268946      none	B	[!#1:1][CX4H2:2]!@[NX3H1:3][!#1:4]	149.998	1.87295	-	-	-	-	O
C50268946      none	B	[OX2:1][CX4:2]!@[CX4:3][N:4]	-39.4132	1.41573	-	-	-	-	O
CHEMBL406861      none	B	[cH1:1][c:2]([cH1])!@[O:3][C:4]	0.278223	26.3009	-	-	-	-	G
CHEMBL406861      none	B	[$([cH0]!@[*^2]):1][c:2]([cH1])!@[CX3:3]=[O:4]	-150.023	1.29353	-	-	-	-	O
CHEMBL406861      none	B	[*^2:1]~[C^2:2]([!H])!@[C^2:3]~[*^2:4]	-29.9937	1.21216	-	-	-	-	G
CHEMBL406861      none	B	[a:1][a:2]!@[CX3:3]=[CX3H1:4]	-20.0026	3.14121	-	-	-	-	G
C36756535      none	B	[!#1:1][CX4:2]!@[CX4:3][!#1:4]	177.173	22.1548	-	-	-	-	G
C36756535      none	B	[$(C=O):1][NX3H0:2]!@[c:3]([cH1])[cH1:4]	150.004	1.18925	-	-	-	-	G
C19779317      none	B	[a:1][c:2]!@[CX4H2:3][a:4]	-44.9929	1.48496	-	-	-	-	O
C19779317      none	B	[a:1][c:2]!@[CX4H2:3][a:4]	0.315357	2.06767	-	-	-	-	O
C41368935      none	B	[n,o,s:1][c:2]!@[CX4H2:3][CX4:4]	-44.6893	0.972326	-	-	-	-	O
C41368935      none	B	[aH0:1][c:2]([aH0])!@[SX2:3][!#1:4]	29.9984	0.412584	-	-	-	-	O
C41368935      none	B	[!#1:1][CX4:2]!@[SX2:3][!#1:4]	-159.994	3.18377	-	-	-	-	G
C41368935      none	B	[a:1][c:2]!@[CX4H2:3][!#1:4]	-44.6873	1.62815	-	-	-	-	O
C41368935      none	B	[a:1][c:2]!@[CX4H0:3][CX4:4]	60.002	5.94035	-	-	-	-	G
C11823125      none	B	[a:1][c:2]!@[CX4H1:3][N,O:4]	60.0042	3.42939	-	-	-	-	G
C11823125      none	B	[a:1][c:2]!@[CX4H1:3][N,O:4]	-149.725	3.72593	-	-	-	-	G
C13323043      none	B	[CX3:1]=[CX3:2]!@[CH2:3][OX2:4]	89.9946	3.05344	-	-	-	-	G
C13323043      none	B	[C:1][CX4H2:2]!@[OX2:3][c:4]	150.007	0.884397	-	-	-	-	O
C13323043      none	B	[cH0:1][c:2]([cH0])!@[O:3][C:4]	-89.7375	14.1718	-	-	-	-	G
C13323043      none	B	[cH0:1][c:2]([cH0])!@[O:3][C:4]	-89.9952	14.1718	-	-	-	-	G
C41204331      none	B	[n,o,s:1][c:2]!@[CX4H2:3][CX4:4]	89.9985	4.03889	-	-	-	-	G
C41204331      none	B	[a:1][c:2]!@[CX4H1:3][N,O:4]	90.0033	1.22453	-	-	-	-	G
C41204331      none	B	[!#1:1][CX4H1:2]!@[NX3:3][!#1:4]	180	2.80076	-	-	-	-	G
C41204331      none	B	[cH1:1][c:2]([cH1])!@[NX3:3][CX4:4]	-89.997	0.86438	-	-	-	-	O
C37690977      none	B	[aH1:1][c:2]([aH1])!@[SX2:3][!#1:4]	30.004	2.06819	-	-	-	-	G
C37690977      none	B	[a:1][c:2]!@[NX3H1:3][$([CX4r]([C;r])([C;r])):4]	29.9942	0.852273	-	-	-	-	G
C37690977      none	B	[!#1:1][CX4H1:2]!@[NX3:3][!#1:4]	59.9978	5.65868	-	-	-	-	G
C31980125      none	B	[cH1,n:1][c:2]!@[O:3][CRH1:4]	-120.002	0	-	-	-	-	R
C31980125      none	B	[H:1][CX4H1:2]!@[OX2:3][!#1:4]	-0.00403312	7.47259	-	-	-	-	G
C54346598      none	B	[n,o,s:1][c:2]!@[CX4H2:3][CX4:4]	-89.9984	5.3104	-	-	-	-	G
C54346598      none	B	[a:1][c:2]!@[CX4H0:3][CX4:4]	-51.3789	2.62671	-	-	-	-	G
C49937084      none	B	[a:1][c:2]!@[CX4H2:3][CX3:4]	30.0038	0.732127	-	-	-	-	R
C49937084      none	B	[c:1][CX4H2:2]!@[CX3:3]=[O:4]	-59.9967	1.56695	-	-	-	-	G
C49937084      none	B	[*:1]~[CX3:2]!@[NX2:3]~[*:4]	149.999	0.195029	-	-	-	-	O
C19929999      none	B	[cH0:1][c:2]([cH0])!@[O:3][C:4]	-89.9976	14.1718	-	-	-	-	G
C19929999      none	B	[cH0:1][c:2]!@[CX4H1:3][a:4]	-90.006	4.66001	-	-	-	-	G
C19929999      none	B	[a:1][c:2]!@[CX4H1:3][N,O:4]	180	1.64318	-	-	-	-	G
C65356815      none	-	-	-	-	-	-	-	-	-
C57518038      none	B	[a:1][c:2]!@[CX4H0:3][CX4:4]	-59.9874	5.9706	-	-	-	-	G
C57518038      none	B	[a:1][c:2]!@[CX4H1:3][H:4]	-149.996	3.82796	-	-	-	-	G
C62778963      none	B	[a:1][c:2]!@[CX4H1:3][a:4]	-60.0109	3.71511	-	-	-	-	G
C62778963      none	B	[a:1][c:2]!@[CX4H1:3][a:4]	-89.9895	4.08085	-	-	-	-	G
C50863846      none	B	[!#1:1][CX4H2:2]!@[NX3H1:3][!#1:4]	180	11.3535	-	-	-	-	G
C50863846      none	B	[a:1][a:2]!@[NX3:3][!#1:4]	0.267589	10.9271	-	-	-	-	G
C50863846      none	B	[a:1][c:2]!@[CX4H1:3][H:4]	180	7.22227	-	-	-	-	G
C43665605      none	B	[!#1:1][CX4:2]!@[CX4:3][!#1:4]	-59.996	12.2558	-	-	-	-	G
C43665605      none	B	[*:1]~[CX4:2]!@[n:3]~[*:4]	-59.9987	3.65221	-	-	-	-	G
C66402238      none	B	[c:1][c:2]!@[c:3][s,o,nX3H1:4]	0.00113067	17.837	-	-	-	-	G
C66402238      none	B	[aH0:1][c:2]([aH0])!@[SX2:3][!#1:4]	-149.998	0.43837	-	-	-	-	O
C66402238      none	B	[!#1:1][CX4:2]!@[SX2:3][!#1:4]	-89.9997	3.00607	-	-	-	-	G
C66402238      none	B	[!#1:1][CX4:2]!@[CX4:3][!#1:4]	-60.0076	12.2558	-	-	-	-	G
C66402238      none	B	[OX2:1][CX4:2]!@[CX4:3][N:4]	80.0002	3.55056	-	-	-	-	G
C66402238      none	B	[CX4:1][CX4H2:2]!@[NX3;"N_lp":3][CX4:4]	-76.3563	8.1206	-	-	-	-	G
C01639920      none	B	[*:1]~[CX3:2]!@[OX2:3]~[*:4]	-59.9992	0.0682654	-	-	-	-	G
C01639920      none	B	[*:1][CX4:2]!@[O:3][$([CX3](=[!O])):4]	-40.0003	1.78462	-	-	-	-	G
CHEMBL7002      none	B	[!#1:1][CX4:2]!@[CX4:3][!#1:4]	-60.0007	12.2558	-	-	-	-	G
CHEMBL7002      none	B	[C:1][CX4H2:2]!@[OX2:3][c:4]	180	43.8829	-	-	-	-	G
CHEMBL7002      none	B	[cH1:1][c:2]([cH1])!@[O:3][C:4]	-179.72	26.896	-	-	-	-	G
CHEMBL7002      none	B	[cH1:1][c:2]([cH1])!@[CX4H2:3][CX4:4]	90.0179	11.713	-	-	-	-	G
CHEMBL7002      none	B	[!#1:1][CX4:2]!@[CX4:3][!#1:4]	-164.819	1.85018	-	-	-	-	G
C19875174      none	B	[!#1:1][CX4H1:2]!@[NX3:3][!#1:4]	60	5.65868	-	-	-	-	G
C36242366      none	B	[a:1][c:2]!@[CX4H2:3][!#1:4]	180	2.35335	-	-	-	-	O
C36242366      none	B	[!#1:1][CX4:2]!@[SX2:3][!#1:4]	179.999	11.1654	-	-	-	-	G
C36242366      none	B	[aH0:1][c:2]([aH0])!@[SX2:3][!#1:4]	149.999	0.567303	-	-	-	-	O
C20208379      none	B	[OX2:1][CX4:2]!@[CX4:3][N:4]	-156.276	1.21348	-	-	-	-	O
C20208379      none	B	[*:1]~[CX4:2]!@[NX4:3]~[*:4]	-59.9978	15.3415	-	-	-	-	G
C20208379      none	B	[*:1]~[CX4:2]!@[NX4:3]~[*:4]	179.997	15.0612	-	-	-	-	G
C20208379      none	B	[a:1][c:2]!@[CX4H2:3][!#1:4]	-89.6876	7.30446	-	-	-	-	G
C06608380      none	B	[a:1][c:2]!@[CX4H2:3][!#1:4]	89.9997	7.24386	-	-	-	-	G
C06608380      none	B	[!#1:1][CX4:2]!@[SX2:3][!#1:4]	180	11.1654	-	-	-	-	G
C06608380      none	B	[aH0:1][c:2]([aH0])!@[SX2:3][!#1:4]	180	14.0278	-	-	-	-	G
C36286054      none	B	[n,o,s:1][c:2]!@[CX4H2:3][CX4:4]	179.998	8.82573	-	-	-	-	G
C25371413      none	B	[cH0:1][c:2]!@[CX4H2:3][N,O,S:4]	-90.001	7.87941	-	-	-	-	G
C25371413      none	B	[!#1:1][CX4H2:2]!@[NX3;"N_lp":3][!#1:4]	-175.694	4.52135	-	-	-	-	G
C25371413      none	B	[a:1][a:2]!@[NX3:3][!#1:4]	-30.0085	1.93298	-	-	-	-	O
C37828750      none	B	[$([CX3]=O):1][NX3H0:2](C)!@[CX4H2:3][C:4]	-90.0074	15.9949	-	-	-	-	G
C37828750      none	B	[$(C=O):1][NX3H0:2]!@[CX4H2:3][!#1:4]	-119.993	2.94527	-	-	-	-	G
C37828750      none	B	[O:1]=[CX3:2]!@[NX3H0:3][!#1:4]	0.00547753	25.0866	-	-	-	-	G
C37828750      none	B	[a:1][c:2]!@[CX4H2:3][!#1:4]	-89.677	7.30446	-	-	-	-	G
C37828750      none	B	[*^2:1]~[C^2:2]([!H])!@[C^2:3]~[*^2:4]	60.0015	0.650722	-	-	-	-	O
C16090211      none	B	[cH1:1][c:2]([cH0])!@[O:3][S:4]	-90.0059	9.79381	-	-	-	-	G
C16090211      none	B	[O-:1][N+:2](=O)!@[c:3]([cH0])[cH,nX2H0:4]	-0.0518313	12.6374	-	-	-	-	G
C16090211      none	B	[*:1]~[OX2:2]!@[SX4:3]~[*:4]	-159.997	2.64885	-	-	-	-	G
C16090211      none	B	[aH1:1][c:2]([aH1])!@[SX4:3][!#1:4]	-89.7267	12.5987	-	-	-	-	G
C40269737      none	B	[O-:1][N+:2](=O)!@[c:3][a:4]	0.00416824	18.5814	-	-	-	-	G
C40269737      none	B	[a:1][c:2]!@[CX4H1:3][a:4]	119.998	3.30125	-	-	-	-	G
C40269737      none	B	[cH0:1][c:2]!@[CX4H1:3][a:4]	149.998	2.80552	-	-	-	-	G
C06826252      none	B	[a:1][c:2]!@[CX4H0:3][CX4:4]	-119.729	5.28723	-	-	-	-	G
C06826252      none	B	[aH1:1][c:2]([aH1])!@[SX2:3][!#1:4]	0.00142894	4.86305	-	-	-	-	G
C06826252      none	B	[!#1:1][CX4:2]!@[SX2:3][!#1:4]	179.998	11.1654	-	-	-	-	G
C06826252      none	B	[!#1:1][CX4H2:2]!@[CX4H2:3][!#1:4]	180	58.554	-	-	-	-	G
C06826252      none	B	[N:1][C:2](=O)!@[CX4H2:3][CX4H2:4]	-89.9937	1.49864	-	-	-	-	O
C06826252      none	B	[O:1]=[CX3:2]!@[NX3H0:3][!#1:4]	0.00634617	25.0866	-	-	-	-	G
C14067097      none	B	[c:1][c:2]!@[c:3][s,o,nX3H1:4]	149.996	2.6253	-	-	-	-	G
C14067097      none	B	[a:1][c:2]!@[CX4H2:3][!#1:4]	89.9989	7.24386	-	-	-	-	G
C14067097      none	B	[!#1:1][CX4:2]!@[SX2:3][!#1:4]	159.997	2.91722	-	-	-	-	G
C14067097      none	B	[aH0:1][c:2]([aH0])!@[SX2:3][!#1:4]	-90.002	3.32646	-	-	-	-	G
C44363683      none	B	[$(C=O):1][O:2]!@[CH2:3]~[C:4]	90.0028	4.53893	-	-	-	-	G
C44363683      none	B	[O:1]=[C:2]!@[O:3]~[C:4]	-0.00133112	74.4927	-	-	-	-	G
C44363683      none	B	[N:1][CX4:2]!@[CX3:3]=[O:4]	89.9855	0.374597	-	-	-	-	O
C44363683      none	B	[!#1:1][CX4:2]!@[CX4:3][!#1:4]	-159.998	1.85018	-	-	-	-	G
C44363683      none	B	[n,o,s:1][c:2]!@[CX4H2:3][CX4:4]	-89.9966	5.3104	-	-	-	-	G
C44363683      none	B	[c:1][c:2]!@[c:3][s,o,nX3H1:4]	-179.493	12.4984	-	-	-	-	G
C67358009      none	B	[a:1][c:2]!@[CX4H1:3][N,O:4]	-149.894	3.72593	-	-	-	-	G
C67358009      none	B	[O:1]=[CX3:2]!@[NX3H0:3][!#1:4]	-29.9926	0.692521	-	-	-	-	O
C67358009      none	B	[O:1]=[CX3:2]!@[NX3H1:3][!#1:4]	-0.00941853	63.7893	-	-	-	-	G
C67358009      none	B	[$([CX3]=O):1][NX3H1:2]!@[CX4H2:3][C:4] 	150.004	1.43139	-	-	-	-	O
C67358009      none	B	[OX2:1][CX4:2]!@[CX4:3][N:4]	61.1879	15.2809	-	-	-	-	G
C62498575      none	-	-	-	-	-	-	-	-	-
C00137431      none	B	[*^2:1]~[C^2:2]([!H])!@[C^2:3]~[*^2:4]	-60.0041	0.757173	-	-	-	-	O
C00137431      none	B	[*^2:1]~[C^2:2]([!H])!@[C^2:3]~[*^2:4]	180	19.9269	-	-	-	-	G
C00137431      none	B	[*:1]~[NX3:2]!@[NX2:3]~[*:4]	179.999	29.4914	-	-	-	-	G
C00137431      none	B	[a:1][a:2]!@[NX3:3][!#1:4]	120.276	1.62057	-	-	-	-	O
C19887471      none	B	[n,o,s:1][c:2]!@[CX4H2:3][CX4:4]	0.00320246	6.43231	-	-	-	-	G
C19887471      none	B	[cH0:1][c:2]([cH,nX2H0])!@[NX3H1:3][CX4:4]	179.995	49.7854	-	-	-	-	G
C19887471      none	B	[!#1:1][CX4H1:2]!@[NX3:3][!#1:4]	150	2.7681	-	-	-	-	G
C63046321      none	B	[cH0:1][c:2]!@[CX4H1:3][CX4:4]	149.724	3.06136	-	-	-	-	G
C63046321      none	B	[!#1:1][CX4:2]!@[CX4:3][!#1:4]	80.0023	1.75235	-	-	-	-	G
C63046321      none	B	[O-:1][N+:2](=O)!@[c:3]([cH,nX2H0])[cH,nX2H0:4]	179.973	23.2156	-	-	-	-	G
C57498298      none	B	[a:1][c:2]!@[CX4H0:3][CX4:4]	180	5.49722	-	-	-	-	G
CHEMBL470226      none	B	[aH1:1][c:2]([aH1])!@[SX4:3][!#1:4]	-89.7286	12.5987	-	-	-	-	G
CHEMBL470226      none	B	[$(C=O):1][NX3H1:2]!@[c:3]([cH1])[cH1:4]	29.9839	5.05437	-	-	-	-	G
CHEMBL470226      none	B	[O:1]=[CX3:2]!@[NX3H1:3][!#1:4]	0.000772367	63.7893	-	-	-	-	G
CHEMBL470226      none	B	[$([cH0](=O)):1][c:2]([cH1])!@[CX3:3]([NX3H1,NX3H2])=[O:4]	-59.9925	0	-	-	-	-	R
C01665841      none	B	[H:1][CX4H1:2]!@[OX2:3][!#1:4]	40.0001	11.1687	-	-	-	-	G
C01665841      none	B	[*:1]~[OX2:2]!@[P:3]~[*:4]	39.9952	3.00816	-	-	-	-	G
C01665841      none	B	[*:1]~[OX2:2]!@[P:3]~[*:4]	159.998	3.10921	-	-	-	-	G
C01665841      none	B	[H:1][CX4H1:2]!@[OX2:3][!#1:4]	-60.0004	2.37856	-	-	-	-	G
C53167947      none	B	[cH1:1][a:2]([cH0])!@[a:3]([cH0])[cH0:4]	-60.0277	2.49066	-	-	-	-	O
C00081475      none	B	[$(C=O):1][O:2]!@[CH2:3]~[C:4]	90.0065	4.53893	-	-	-	-	G
C00081475      none	B	[O:1]=[C:2]!@[O:3]~[C:4]	-0.00663936	74.4927	-	-	-	-	G
C00081475      none	B	[cH0:1][c:2]([cH0])!@[CX3:3]=[O:4]	-59.7139	2.48131	-	-	-	-	O
C16857576      none	B	[cH0:1][c:2]!@[CX4H2:3][CX4:4]	-89.9982	18.481	-	-	-	-	G
C16857576      none	B	[!#1:1][CX4H2:2]!@[CX4H2:3][!#1:4]	179.994	58.554	-	-	-	-	G
C16857576      none	B	[!#1:1][CX4:2]!@[CX4:3][!#1:4]	-59.9987	12.2558	-	-	-	-	G
C39094503      none	-	-	-	-	-	-	-	-	-
C52924214      none	B	[a:1][c:2]!@[CX4H1:3][N,O:4]	-30.0123	3.61778	-	-	-	-	G
C52924214      none	B	[*:1]~[CX4:2]!@[NX4:3]~[*:4]	180	15.0612	-	-	-	-	G
C52924214      none	B	[c:1][c:2]!@[c:3][s,o,nX3H1:4]	150.583	2.6253	-	-	-	-	G
C35677568      none	B	[O-:1][N+:2](=O)!@[c:3]([cH,nX2H0])[cH,nX2H0:4]	179.957	23.2156	-	-	-	-	G
C35677568      none	B	[cH1:1][c:2]([cH1])!@[CX4H2:3][CX4:4]	-149.935	0.411568	-	-	-	-	R
C35677568      none	B	[!#1:1][CX4H2:2]!@[CX4H2:3][!#1:4]	180	58.554	-	-	-	-	G
C35677568      none	B	[!#1:1][CX4H2:2]!@[NX3H1:3][!#1:4]	90.0028	6.33327	-	-	-	-	G
C35677568      none	B	[cH0:1][c:2]([cH,nX2H0])!@[NX3H1:3][CX4:4]	160.002	3.7196	-	-	-	-	O
C38890006      none	B	[!#1:1][CX4:2]!@[SX2:3][!#1:4]	-59.9979	7.13757	-	-	-	-	G
C38890006      none	B	[!#1:1][CX3:2]!@[SX2:3][!#1:4]	-60.0047	3.61446	-	-	-	-	G
C38890006      none	B	[!#1:1][CX3:2](=S)!@[NX3H1:3][!#1:4]	-119.994	0	-	-	-	-	R
C38890006      none	B	[a:1][a:2]!@[NX3:3][!#1:4]	30.2666	1.9288	-	-	-	-	O
C50374332      none	B	[H:1][CX4H1:2]!@[O:3][CX4:4]	60.0036	4.42842	-	-	-	-	G
C50374332      none	B	[!#1:1][CX4H1:2]!@[NX3:3][!#1:4]	-120.001	4.10724	-	-	-	-	O
C50374332      none	B	[a:1][c:2]!@[NX3H1:3][$([CX4r]([C;r])([C;r])):4]	-89.7422	0	-	-	-	-	R
C53708044      none	B	[!#1:1][CX4:2]!@[CX4:3][!#1:4]	60.0054	12.3771	-	-	-	-	G
C53708044      none	B	[C:1][CX4:2]!@[NX3;"N_lp":3][C:4]	159.999	4.57693	-	-	-	-	G
C53708044      none	B	[CX4:1][CX4H2:2]!@[NX3;"N_lp":3][CX4:4]	-79.9965	8.1206	-	-	-	-	G
C53708044      none	B	[OX2:1][CX4H2:2]!@[CX4H2:3][N:4]	180	8.36763	-	-	-	-	G
C19616304      none	-	-	-	-	-	-	-	-	-
C39490710      none	B	[$(C=O):1][NX3H1:2]!@[c:3]([cH1])[cH1:4]	-149.99	5.07451	-	-	-	-	G
C39490710      none	B	[O:1]=[CX3:2]!@[NX3H1:3][!#1:4]	-0.000807665	63.7893	-	-	-	-	G
C39490710      none	B	N[C:2](=[O:1])!@[CH2:3][N:4]	59.9999	0.14881	-	-	-	-	O
C39490710      none	B	[*:1]~[CX4:2]!@[NX4:3]~[*:4]	160.369	1.9368	-	-	-	-	G
C11606135      none	B	[a:1][c:2]!@[CX4H1:3][N,O:4]	-89.983	1.29082	-	-	-	-	G
C11606135      none	B	[!#1:1][CX4:2]!@[CX4:3][!#1:4]	-160	1.85018	-	-	-	-	G
C11606135      none	B	[!#1:1][CX4H2:2]!@[CX4H2:3][!#1:4]	179.998	58.554	-	-	-	-	G
C11606135      none	B	[cH0:1][c:2]!@[CX4H2:3][CX4:4]	-89.9999	18.481	-	-	-	-	G
C60539475      none	B	[CX3:1]=[CX3:2]!@[CH2:3][!#1:4]	-119.995	9.03499	-	-	-	-	G
C60539475      none	B	[!#1:1][CH2:2]!@[n:3][cH0:4]	90.3119	14.7896	-	-	-	-	G
C60539475      none	B	[a:1][ar5:2]!@[ar5:3][a:4]	150.31	1.16412	-	-	-	-	O
C60539475      none	B	[aH0:1][c:2]([aH0])!@[SX2:3][!#1:4]	150.002	0.567303	-	-	-	-	O
C60539475      none	B	[!#1:1][CX4:2]!@[SX2:3][!#1:4]	150	1.40678	-	-	-	-	G
C60539475      none	B	[!#1:1][CX4H2:2]!@[CX4H2:3][!#1:4]	179.999	58.554	-	-	-	-	G
C60539475      none	B	[!#1:1][CH2:2]!@[n:3][a:4]	-134.696	0.908865	-	-	-	-	O
C35294271      none	B	[!#1:1][CX4:2]!@[CX4:3][!#1:4]	179.23	22.1548	-	-	-	-	G
C35294271      none	B	[C:1][CX4H2:2]!@[NX3:3][C:4]	89.9987	10.0586	-	-	-	-	G
C35294271      none	B	[!#1:1][CX4:2]!@[CX4:3][!#1:4]	148.622	0.50879	-	-	-	-	O
C06910759      none	B	[!#1:1][CX4:2]!@[CX4:3][!#1:4]	60.0069	12.3771	-	-	-	-	G
C06910759      none	B	[a:1][c:2]!@[CX4H1:3][H:4]	179.987	7.22227	-	-	-	-	G
C06910759      none	B	[cH1:1][c:2]([cH1])!@[NX3:3][a:4]	179.998	2.29759	-	-	-	-	O
C06910759      none	B	[a:1][a:2]!@[NX3:3][!#1:4]	-59.684	1.73028	-	-	-	-	O
C06910759      none	B	[a:1][c:2]!@[C:3]([NH0])=[O:4]	90.0013	2.88889	-	-	-	-	G
C06910759      none	B	[O:1]=[CX3:2](a)!@[NX3H0:3][!#1:4]	0.00787911	23.6549	-	-	-	-	G
C08614784      none	-	-	-	-	-	-	-	-	-
C62230031      none	B	[$(C=O):1][NX3:2]!@[a:3][aH0:4]	150	1.842	-	-	-	-	O
C62230031      none	B	[O:1]=[CX3:2]!@[NX3H1:3][!#1:4]	-0.00539861	63.7893	-	-	-	-	G
C62230031      none	B	[C:1][CX4:2]!@[CX3:3]=[O:4]	29.8838	3.28614	-	-	-	-	G
C48603500      none	B	[n,o,s:1][c:2]!@[CX4H2:3][CX4:4]	89.9912	4.03889	-	-	-	-	G
C48603500      none	B	[!#1:1][CX4H2:2]!@[CX4H2:3][!#1:4]	60.004	3.99483	-	-	-	-	G
C48603500      none	B	[!#1:1][CX4H2:2]!@[CX4H2:3][!#1:4]	59.9945	3.99483	-	-	-	-	G
C32401678      none	B	[aH0:1][c:2]([aH1])!@[SX4:3][!#1:4]	65.0001	11.3606	-	-	-	-	G
C32401678      none	B	[c:1][$(S(=O)=O):2]!@[NX3H1:3][C:4]	-146.998	0	-	-	-	-	R
C43569028      none	B	[!#1:1][CX4:2]!@[CX4:3][!#1:4]	-63.89	12.2558	-	-	-	-	G
C43569028      none	B	[a:1][a:2]!@[NX3:3][!#1:4]	-179.722	11.4213	-	-	-	-	G
CHEMBL601205      none	B	[a:1][c:2]!@[CX4H1:3][N,O:4]	150.267	3.7643	-	-	-	-	G
C54910936      none	B	[!#1:1][CX4H2:2]!@[CX4H2:3][!#1:4]	179.994	58.554	-	-	-	-	G
C54910936      none	B	[CX4:1][CX4H2:2]!@[NX3:3][CX4:4]	-120.007	0.70128	-	-	-	-	R
C54910936      none	B	[a:1][a:2]!@[NX3:3][!#1:4]	-59.9985	1.73028	-	-	-	-	O
C54910936      none	B	[C:1][CX4:2]!@[NX3:3][C:4]	-59.9897	7.03868	-	-	-	-	G
C40230155      none	B	[a:1][c:2]!@[CX4H1:3][N,O:4]	89.9987	1.22453	-	-	-	-	G
C40230155      none	B	[O-:1][N+:2](=O)!@[c:3]([cH0])[cH,nX2H0:4]	90.2053	0.274725	-	-	-	-	O
C40230155      none	B	[!#1:1][CX4H1:2]!@[NX3:3][!#1:4]	180	2.80076	-	-	-	-	G
C40230155      none	B	[cH0:1][c:2]([cH,nX2H0])!@[NX3H1:3][CX4:4]	-149.998	1.00143	-	-	-	-	O
C34937138      none	B	[cH0:1][c:2]!@[CX4H2:3][CX4:4]	90.285	18.5823	-	-	-	-	G
C34937138      none	B	[a:1][c:2]!@[CX4H1:3][H:4]	90.0043	0.477016	-	-	-	-	O
C41048122      none	B	[s:1][c:2]([aX2,cH1])!@[CX3:3](O)=[O:4]	-29.7491	0	-	-	-	-	R
C41048122      none	B	[O:1]=[C:2]!@[O:3]~[C:4]	30.0098	0.0796663	-	-	-	-	R
C41048122      none	B	[$(C=O):1][O:2]!@[CH1:3][H:4]	39.9801	10.1875	-	-	-	-	G
C54489023      none	B	[!#1:1][CX4:2]!@[CX4:3][!#1:4]	180	22.1548	-	-	-	-	G
C54489023      none	B	[!#1:1][CX4:2]!@[CX4:3][!#1:4]	-80.0012	1.71775	-	-	-	-	G
C54489023      none	B	[C:1][CX4H2:2]!@[NX3:3][C:4]	180	3.30615	-	-	-	-	G
C62702824      none	B	[cH0:1][c:2]([cH,nX2H0])!@[NX3H1:3][CX4:4]	179.981	49.7854	-	-	-	-	G
C62702824      none	B	[O-:1][N+:2](=O)!@[c:3]([cH0])[cH,nX2H0:4]	-0.00920393	12.6374	-	-	-	-	G
C62702824      none	B	[!#1:1][CX4H2:2]!@[NX3H1:3][!#1:4]	179.999	11.3535	-	-	-	-	G
C62702824      none	B	[a:1][c:2]!@[CX4H2:3][!#1:4]	135.269	1.69481	-	-	-	-	O
C45806148      none	B	[$([CX3]([C])([H])):1]=[CX3:2]([C])!@[CH2:3][C:4]	180	0	-	-	-	-	R
C45806148      none	B	[!#1:1][CX4:2]!@[CX4:3][!#1:4]	-60.8261	12.2558	-	-	-	-	G
C45806148      none	B	[n,o,s:1][c:2]!@[CX4H2:3][CX4:4]	-29.995	1.04712	-	-	-	-	O
C43298919      none	B	[*:1]~[CX4:2]!@[n:3]~[*:4]	-60.0027	3.65221	-	-	-	-	G
C47150681      none	B	[a:1][c:2]!@[CX4H1:3][N,O:4]	121.024	3.12238	-	-	-	-	G
C47150681      none	B	[O:1]=[CX3:2]!@[NX3H0:3][!#1:4]	-0.00246508	25.0866	-	-	-	-	G
C47150681      none	B	[O:1]=[CX3:2]!@[NX3H1:3][!#1:4]	-0.00313089	63.7893	-	-	-	-	G
C47150681      none	B	[$(C=O):1][NX3H1:2]!@[CX4H2:3][!#1:4]	180	5.78057	-	-	-	-	G
C47150681      none	B	[a:1][c:2]!@[CX4H2:3][!#1:4]	0.311611	2.24426	-	-	-	-	O
C50329080      none	B	[C:1][CX4:2]!@[CX3:3][C:4]	-60.0337	7.51364	-	-	-	-	G
C50329080      none	B	[!#1:1][CX4:2]!@[CX4:3][!#1:4]	148.616	0.50879	-	-	-	-	O
C61121012      none	B	[!#1:1][CX4:2]!@[CX4:3][!#1:4]	-59.9987	12.2558	-	-	-	-	G
C61121012      none	B	[a:1][c:2]!@[CX4H1:3][N,O:4]	-59.9893	3.48172	-	-	-	-	G
C61121012      none	B	[*:1]~[CX4:2]!@[NX4:3]~[*:4]	179.988	15.0612	-	-	-	-	G
C61121012      none	B	[c:1][c:2]!@[c:3][s,o,nX3H1:4]	-29.4369	2.72579	-	-	-	-	G
C20313787      none	B	[*:1]~[CX4:2]!@[n:3]~[*:4]	-63.1739	3.65221	-	-	-	-	G
C54241028      none	B	[!#1:1][CX4:2]!@[CX4:3][!#1:4]	60.0024	12.3771	-	-	-	-	G
C54241028      none	B	[a:1][c:2]!@[CX4H1:3][H:4]	179.986	7.22227	-	-	-	-	G
C54241028      none	B	[cH1:1][c:2]([cH1])!@[NX3:3][CX4:4]	20.0031	2.88127	-	-	-	-	G
C54241028      none	B	[!#1:1][CX4H2:2]!@[NX3H1:3][!#1:4]	-119.998	2.14327	-	-	-	-	O
C54241028      none	B	[!#1:1][CX4:2]!@[CX4:3][!#1:4]	-59.9167	12.2558	-	-	-	-	G
C50842369      none	B	[cH0:1][c:2]([cH0])!@[NX3:3][CX4:4]	-90.0017	8.30904	-	-	-	-	G
C25624451      none	B	[!#1:1][CX4:2]!@[CX4:3][!#1:4]	59.9969	12.3771	-	-	-	-	G
C25624451      none	B	[C:1][CX4H2:2]!@[CX3:3]=[O:4]	-149.995	0.413839	-	-	-	-	R
C37203099      none	B	[cH0:1][c:2]!@[CX4H1:3][CX4:4]	150	3.06136	-	-	-	-	G
C37203099      none	B	[!#1:1][CX4H1:2]!@[NX3:3][!#1:4]	120.003	4.42569	-	-	-	-	O
C37203099      none	B	[cH0:1][c:2]([cH,nX2H0])!@[NX3H1:3][CX4:4]	90.0036	0	-	-	-	-	R
C41232906      none	B	[cH1:1][c:2]([cH1])!@[CX4H2:3][CX4:4]	90.0023	11.713	-	-	-	-	G
C41232906      none	B	[cH1:1][c:2]([cH1])!@[CX4H2:3][CX4:4]	30.033	0.378198	-	-	-	-	R
C41232906      none	B	[!#1:1][CX4:2]!@[CX4:3][!#1:4]	160	1.81259	-	-	-	-	G
C41232906      none	B	[OX2:1][CX4:2]!@[CX4:3][N:4]	177.746	9.8427	-	-	-	-	G
C55334751      none	B	[n,o,s:1][c:2]!@[CX4H2:3][CX4:4]	149.999	0.598355	-	-	-	-	O
C55334751      none	B	[a:1][c:2]!@[CX4H2:3][a:4]	89.9934	4.86842	-	-	-	-	G
C55334751      none	B	[cH0:1][c:2]!@[CX4H2:3][a:4]	-150.273	1.50555	-	-	-	-	O
C00348248      none	B	[nX2H0:1][c:2]!@[c:3][nX3H1:4]	0.00131956	50.5435	-	-	-	-	G
C19504069      none	B	[a:1][c:2]!@[CX4H1:3][N,O:4]	89.9882	1.22453	-	-	-	-	G
C19504069      none	B	[C:1][CX4:2]!@[NX3;"N_lp":3][C:4]	-80.009	6.10869	-	-	-	-	G
C19504069      none	B	[CX4:1][CX4H2:2]!@[NX3;"N_lp":3][CX4:4]	-160	6.65327	-	-	-	-	G
C41166506      none	B	[$(C=O):1][O:2]!@[CH2:3]~[C:4]	179.998	23.3458	-	-	-	-	G
C41166506      none	B	[O:1]=[C:2]!@[O:3]~[C:4]	-0.00115821	74.4927	-	-	-	-	G
C41166506      none	B	[nX2H0:1][a:2]([nX2H0])!@[CX3:3]=[O:4]	0.265024	22.8814	-	-	-	-	G
C39059205      none	-	-	-	-	-	-	-	-	-
C36916195      none	B	[cH0:1][c:2]!@[CX4H2:3][CX4:4]	90.3046	18.5823	-	-	-	-	G
C36916195      none	B	[cH0:1][c:2]!@[c:3]([cH0])[nX2H0:4]	-60.0216	2.02532	-	-	-	-	G
C45216593      none	B	[!#1:1][CX4:2]!@[CX4:3][!#1:4]	80.002	1.75235	-	-	-	-	G
C45216593      none	B	[C:1][CX4:2]!@[NX3;"N_lp":3][C:4]	160.005	4.57693	-	-	-	-	G
C45216593      none	B	[!#1:1][CX4:2]!@[SX2:3][!#1:4]	-160.001	3.18377	-	-	-	-	G
C45216593      none	B	[!#1:1][CX4:2]!@[SX2:3][!#1:4]	-60.0027	7.13757	-	-	-	-	G
C45216593      none	B	[!#1:1][CX4H2:2]!@[CX4H2:3][!#1:4]	180	58.554	-	-	-	-	G
C42592006      none	B	[!#1:1][CX4:2]!@[CX4:3][!#1:4]	-59.9994	12.2558	-	-	-	-	G
C42592006      none	B	[!#1:1][CX4:2]!@[CX4:3][!#1:4]	179.996	22.1548	-	-	-	-	G
C42592006      none	B	[C:1][CX4:2]!@[NX3:3][C:4]	-149.997	1.97343	-	-	-	-	G
C39132857      none	B	[a:1][a:2]!@[CX3:3]=[CX3H1:4]	150.267	2.24372	-	-	-	-	G
C50593908      none	B	[a:1][ar6:2]!@[ar5:3][a:4]	150.283	2.78735	-	-	-	-	G
C40882975      none	B	[H:1][CX4H1:2]!@[OX2:3][!#1:4]	-0.0059063	7.47259	-	-	-	-	G
C40882975      none	B	[cH1,n:1][c:2]!@[O:3][CRH1:4]	-150.002	3.04878	-	-	-	-	G
C40882975      none	B	[a:1][c:2]!@[CX4H2:3][!#1:4]	-45.0032	1.96752	-	-	-	-	O
C35737808      none	B	[cH0:1][c:2]!@[CX4H1:3][CX4:4]	-90.2755	3.91099	-	-	-	-	G
C35737808      none	B	[!#1:1][CX4H1:2]!@[NX3:3][!#1:4]	60.0074	5.65868	-	-	-	-	G
C35737808      none	B	[cH1:1][c:2]([cH1])!@[NX3:3][CX4:4]	29.997	1.31332	-	-	-	-	G
C58016038      none	B	[!#1:1][CX4H2:2]!@[CX4H2:3][!#1:4]	-60.0045	3.77933	-	-	-	-	G
C58016038      none	B	[!#1:1][CX4H2:2]!@[CX4H2:3][!#1:4]	179.999	58.554	-	-	-	-	G
C58016038      none	B	[C:1][CX4H2:2]!@[CX3:3]=[O:4]	0.00762241	18.7883	-	-	-	-	G
C58016038      none	B	[cH1:1][c:2]([cH1])!@[CX3:3]=[O:4]	0.26796	14.2319	-	-	-	-	G
C58016038      none	B	[aH1:1][c:2]([aH1])!@[SX2:3][!#1:4]	0.00202805	4.86305	-	-	-	-	G
C58016038      none	B	[!#1:1][CX4:2]!@[SX2:3][!#1:4]	180	11.1654	-	-	-	-	G
C58016038      none	B	[!#1:1][CX4H2:2]!@[CX3:3]=[O:4]	119.998	0.613497	-	-	-	-	G
C58016038      none	B	[s:1][c:2]([aX2,cH1])!@[CX3:3]=[O:4]	149.994	0	-	-	-	-	R
C20256769      none	B	[cH1,nX2H0:1][c:2]([cH1,nX2H0])!@[NX3r:3][*:4]	120.275	2.56328	-	-	-	-	O
C40766236      none	B	[!#1:1][CX4H1:2]!@[NX3:3][!#1:4]	-120.005	4.10724	-	-	-	-	O
C40766236      none	B	[a:1][c:2]!@[NX3H1:3][$([CX4r]([C;r])([C;r])):4]	60.0024	1.13636	-	-	-	-	R
C40766236      none	B	[a:1][c:2]!@[CX4H1:3][H:4]	0.00149903	6.54616	-	-	-	-	G
C35880360      none	B	[CX3:1]=[CX3:2]!@[CH1:3](C)[C:4]	-126.041	7.19794	-	-	-	-	G
C35880360      none	B	[*^2:1]~[C^2:2]([!H])!@[C^2:3]~[*^2:4]	-90.0046	1.27397	-	-	-	-	G
C43658023      none	B	[!#1:1][CX4:2]!@[CX4:3][!#1:4]	59.999	12.3771	-	-	-	-	G
C43658023      none	B	[!#1:1][CX4:2]!@[CX4:3][!#1:4]	40.002	0.998355	-	-	-	-	G
C43658023      none	B	[!#1:1][CX4H2:2]!@[CX4H2:3][!#1:4]	179.999	58.554	-	-	-	-	G
C43658023      none	B	[cH1:1][c:2]([cH1])!@[CX4H2:3][CX4:4]	90.2689	11.713	-	-	-	-	G
C62524795      none	-	-	-	-	-	-	-	-	-
C02575160      none	B	[a:1][c:2]!@[CX4H0:3][CX4:4]	-149.738	1.42191	-	-	-	-	O
C02575160      none	B	[a:1][c:2]!@[CX4H2:3][!#1:4]	-44.9951	1.62815	-	-	-	-	O
C43299609      none	B	[O-:1][N+:2](=O)!@[c:3]([cH,nX2H0])[cH,nX2H0:4]	179.977	23.2156	-	-	-	-	G
C43299609      none	B	[cH1:1][c:2]([cH1])!@[CX3:3]=[O:4]	-30.0008	3.22841	-	-	-	-	G
C43299609      none	B	[C:1][CX4:2]!@[CX3:3]=[O:4]	121.394	3.75937	-	-	-	-	G
C32513801      none	B	[a:1][ar6:2]!@[ar5:3][a:4]	-59.6948	2.26789	-	-	-	-	R
C32513801      none	B	[c:1][c:2]!@[c:3][s,o,nX3H1:4]	-149.719	2.47456	-	-	-	-	G
C32513801      none	B	[c:1][c:2]!@[c:3][$(c!@c):4]	60.3239	5.3686	-	-	-	-	G
C45891453      none	B	[!#1:1][CX4H2:2]!@[CX4H2:3][!#1:4]	179.999	58.554	-	-	-	-	G
C45891453      none	B	[O:1]=[CX3:2]([NH1])!@[CH2:3][C:4]	0.00502915	11.7061	-	-	-	-	G
C45891453      none	B	[O:1]=[CX3:2]!@[NX3H1:3][!#1:4]	-0.00210143	63.7893	-	-	-	-	G
C45891453      none	B	[$(C=O):1][NX3H1:2]!@[c:3]([cH0]Cl)[cH:4]	-29.7194	1.88679	-	-	-	-	G
C61099977      none	B	[cH0:1][c:2]!@[CX4H2:3][N,O,S:4]	-45.0501	1.84995	-	-	-	-	G
C61099977      none	B	[!#1:1][CX4H2:2]!@[NX3H1:3][!#1:4]	180	11.3535	-	-	-	-	G
C61099977      none	B	[cH1:1][c:2]([cH1])!@[NX3:3][CX4:4]	-159.707	2.66685	-	-	-	-	O
C00084214      none	-	-	-	-	-	-	-	-	-
C50868407      none	-	-	-	-	-	-	-	-	-
C49913680      none	B	[a:1][c:2]!@[CX4H1:3][N,O:4]	120.01	3.12238	-	-	-	-	G
C49913680      none	B	[OX2:1][CX4:2]!@[CX4:3][N:4]	-79.996	3.59551	-	-	-	-	G
C49913680      none	B	[*:1]~[CX4:2]!@[NX4:3]~[*:4]	-58.2025	15.3415	-	-	-	-	G
C36820481      none	B	[cH0:1][c:2]!@[CX4H2:3][N,O,S:4]	-45.0143	1.84995	-	-	-	-	G
C36820481      none	B	[!#1:1][CX4H2:2]!@[NX3H1:3][!#1:4]	149.998	1.87295	-	-	-	-	O
C36820481      none	B	[cH0:1][c:2]([cH,nX2H0])!@[NX3H1:3][CX4:4]	20.016	0	-	-	-	-	R
C37605950      none	B	[a:1][c:2]!@[CX4H0:3][CX4:4]	-179.704	5.49722	-	-	-	-	G
C37605950      none	B	[c:1][c:2]!@[c:3][s,o,nX3H1:4]	-59.765	0.590378	-	-	-	-	O
C44181476      none	B	[!#1:1][CX4:2]!@[CX4:3][!#1:4]	59.9965	12.3771	-	-	-	-	G
C44181476      none	B	[*:1]~[CX4:2]!@[n:3]~[*:4]	119.999	3.12393	-	-	-	-	G
C51815922      none	B	[a:1][c:2]!@[CX4H2:3][!#1:4]	-44.9989	1.62815	-	-	-	-	O
C51815922      none	B	[*:1][CX4:2]!@[O:3][CX4:4]	180	12.0478	-	-	-	-	G
C51815922      none	B	[C:1][CH2:2]!@[O:3][CX4:4]	180	35.2689	-	-	-	-	G
C51815922      none	B	[OX2:1][CX4:2]!@[CX4:3][N:4]	39.9379	1.66292	-	-	-	-	O
C05224054      none	B	[O:1]=[C:2]([O-])!@[CX4H1:3][H:4]	0.00144695	0.495663	-	-	-	-	O
C11730077      none	B	[cH1:1][c:2]([cH1])!@[CX3:3]=[O:4]	-59.9955	0.295938	-	-	-	-	R
C11730077      none	B	[!#1:1][CX4H2:2]!@[CX3:3]=[O:4]	89.9965	1.06654	-	-	-	-	G
C43666786      none	B	[!#1:1][CH2:2]!@[n:3][cH0:4]	-179.679	0.148746	-	-	-	-	R
C01682788      none	-	-	-	-	-	-	-	-	-
C50869836      none	B	[n,o,s:1][c:2]!@[CX4H2:3][CX4:4]	-30.0043	1.04712	-	-	-	-	O
C50869836      none	B	[cH0:1][c:2]([cH,nX2H0])!@[NX3H1:3][CX4:4]	-90.0087	0	-	-	-	-	R
C42335401      none	-	-	-	-	-	-	-	-	-
C19754157      none	B	[!#1:1][CX4:2]!@[CX4:3][!#1:4]	179.997	22.1548	-	-	-	-	G
C19754157      none	B	[H:1][CX4H1:2]!@[OX2:3][!#1:4]	-0.0092078	7.47259	-	-	-	-	G
C19754157      none	B	[cH1,n:1][c:2]!@[O:3][CH1:4]	-90.2698	0.38835	-	-	-	-	R
C48792473      none	B	[$(C=O):1][NX3H1:2]!@[c:3](s)[n:4]	0.00284494	0.574713	-	-	-	-	R
C48792473      none	B	[O:1]=[CX3:2]!@[NX3H1:3][!#1:4]	0.00201226	63.7893	-	-	-	-	G
C48792473      none	B	[*^2:1]~[C^2:2]([!H])!@[C^2:3]~[*^2:4]	-30.003	1.21216	-	-	-	-	G
C48792473      none	B	[CX3:1]=[CX3:2]!@[CH1:3](C)[C:4]	59.9949	1.51671	-	-	-	-	G
C37738384      none	B	[a:1][c:2]!@[CX4H2:3][!#1:4]	45.003	2.0463	-	-	-	-	O
C37738384      none	B	[*:1]~[CX4:2]!@[NX4:3]~[*:4]	59.9936	15.3058	-	-	-	-	G
C37738384      none	B	[*:1]~[CX4:2]!@[NX4:3]~[*:4]	-60.0024	15.3415	-	-	-	-	G
C37738384      none	B	[!#1:1][CX4:2]!@[CX4:3][!#1:4]	-62.8936	12.2558	-	-	-	-	G
C38097862      none	B	[a:1][c:2]!@[CX4H1:3][N,O:4]	-60.0056	3.48172	-	-	-	-	G
C38097862      none	B	[!#1:1][CX4H1:2]!@[NX3:3][!#1:4]	180	2.80076	-	-	-	-	G
C38097862      none	B	[a:1][a:2]!@[NX3:3][!#1:4]	119.995	1.62057	-	-	-	-	O
C67173887      none	B	[c:1][c:2]([cH0])!@[c:3][nX2H0:4]	180	10.8852	-	-	-	-	G
C67173887      none	B	[a:1][ar6:2]!@[ar5:3][a:4]	-59.7351	2.26789	-	-	-	-	R
C61416777      none	B	[a:1][c:2]!@[CX4H1:3][N,O:4]	150.002	3.7643	-	-	-	-	G
C61416777      none	B	[a:1][c:2]!@[CX4H1:3][N,O:4]	89.997	1.22453	-	-	-	-	G
C50325738      none	B	[C:1][CX4:2]!@[CX3:3][C:4]	90.0002	3.09142	-	-	-	-	G
C42080156      none	B	[cH0:1][c:2]([cH,nX2H0])!@[NX3H1:3][CX4:4]	89.998	0	-	-	-	-	R
C42080156      none	B	[!#1:1][CX4H1:2]!@[NX3:3][!#1:4]	-162.602	2.4687	-	-	-	-	G
C40261316      none	B	[cH0:1][c:2]!@[CX4H1:3][a:4]	-149.998	2.61531	-	-	-	-	G
C40261316      none	B	[a:1][c:2]!@[CX4H1:3][N,O:4]	-120.006	3.08052	-	-	-	-	G
C17286763      none	-	-	-	-	-	-	-	-	-
C35321926      none	B	[!#1:1][CX4:2]!@[SX2:3][!#1:4]	179.999	11.1654	-	-	-	-	G
C35321926      none	B	[!#1:1][CX4:2]!@[SX2:3][!#1:4]	-59.9975	7.13757	-	-	-	-	G
C35321926      none	B	[!#1:1][CX4H2:2]!@[CX4H2:3][!#1:4]	179.997	58.554	-	-	-	-	G
C35321926      none	B	[C:1][CH2:2]!@[O:3][CX4:4]	179.998	35.2689	-	-	-	-	G
C23420948      none	B	[cH0:1][c:2]([cH1])!@[CX3:3]=[O:4]	29.9741	2.80144	-	-	-	-	G
C23420948      none	B	[C:1][CX4H2:2]!@[CX3:3]=[O:4]	-29.9977	4.17149	-	-	-	-	G
C23420948      none	B	[!#1:1][CX4H2:2]!@[CX4H2:3][!#1:4]	180	58.554	-	-	-	-	G
C23420948      none	B	[N:1][C:2](=O)!@[CX4H2:3][CX4H2:4]	179.998	15.2589	-	-	-	-	G
C23420948      none	B	[O:1]=[CX3:2]!@[NX3H0:3][!#1:4]	-179.72	18.2537	-	-	-	-	G
C48577049      none	B	[O:1]=[CX3:2]!@[CX4r3:3]!@[!#1:4]	119.997	2.92683	-	-	-	-	G
C48577049      none	B	[O:1]=[CX3:2]!@[NX3H1:3][!#1:4]	0.0150676	63.7893	-	-	-	-	G
C48577049      none	B	[$([CX3]=O):1][NX3H1:2]!@[CX4H2:3][C:4] 	179.998	6.46594	-	-	-	-	G
C48577049      none	B	N[C:2](=[O:1])!@[CH2:3][N:4]	59.9917	0.14881	-	-	-	-	O
C48577049      none	B	[O:1]=[CX3:2]!@[NX3H1:3][!#1:4]	0.00746638	63.7893	-	-	-	-	G
C48577049      none	B	[$(C=O):1][NX3H1:2]!@[CX4H1:3][H:4]	-30.0096	6.97413	-	-	-	-	G
C62529155      none	B	[n,o,s:1][c:2]!@[CX4H2:3][CX4:4]	-179.698	8.82573	-	-	-	-	G
C51699018      none	B	[*:1][CX4:2]!@[O:3][CX4:4]	-79.9955	2.64732	-	-	-	-	G
C51699018      none	B	[a:1][c:2]!@[CX4H2:3][!#1:4]	0.260184	2.24426	-	-	-	-	O
C26512644      none	B	[c:1][c:2]!@[c:3]([cH0])[nX2H0:4]	-59.7462	1.82507	-	-	-	-	G
C00438370      none	B	[$(C=O):1][O:2]!@[CH1:3][H:4]	-29.9975	11.3505	-	-	-	-	G
C00438370      none	B	[O:1]=[C:2]!@[O:3]~[C:4]	59.9955	0.00468626	-	-	-	-	R
C00438370      none	B	[cH0:1][c:2]([cH0])!@[CX3:3]=[O:4]	150.275	1.0877	-	-	-	-	O
C40514179      none	B	[!#1:1][CX4:2]!@[CX4:3][!#1:4]	-60.1306	12.2558	-	-	-	-	G
C40514179      none	B	[O:1]=[CX3:2]!@[NX3H0:3][!#1:4]	30.012	0.680979	-	-	-	-	O
C40514179      none	B	[N:1][C:2](=O)!@[CX4H2:3][CX4H2:4]	-89.9958	1.49864	-	-	-	-	O
C40514179      none	B	[!#1:1][CX4H2:2]!@[CX4H2:3][!#1:4]	-59.9942	3.77933	-	-	-	-	G
C40514179      none	B	[n,o,s:1][c:2]!@[CX4H2:3][CX4:4]	135.305	0.52356	-	-	-	-	O
C40514179      none	B	[c:1][c:2]!@[c:3][s,o,nX3H1:4]	0.53099	17.837	-	-	-	-	G
C00105049      none	B	[a:1][c:2]!@[CX4H1:3][N,O:4]	148.696	3.7643	-	-	-	-	G
C41166113      none	B	[a:1][c:2]!@[CX4H1:3][N,O:4]	-30.0088	3.61778	-	-	-	-	G
C41166113      none	B	[!#1:1][CX4:2]!@[CX4:3][!#1:4]	179.995	22.1548	-	-	-	-	G
C41166113      none	B	[!#1:1][CX4H2:2]!@[CX4H2:3][!#1:4]	-59.9975	3.77933	-	-	-	-	G
C41166113      none	B	[*:1]~[CX4:2]!@[NX4:3]~[*:4]	161.864	1.9368	-	-	-	-	G
C04291310      none	B	[!#1:1][CX4:2]!@[CX4:3][!#1:4]	79.9978	1.75235	-	-	-	-	G
C39056735      none	B	[!#1:1][CX4H2:2]!@[CX4H2:3][!#1:4]	180	58.554	-	-	-	-	G
C39056735      none	B	[!#1:1][CH2:2]!@[n:3][cH0:4]	180	0.148746	-	-	-	-	R
C39056735      none	B	[a:1][a:2]!@[CX3:3]=[O:4]	120.003	0.855256	-	-	-	-	O
C09220788      none	B	[a:1][c:2]!@[CX4H1:3][H:4]	-120	0.954033	-	-	-	-	G
C20435154      none	B	[H:1][CX4H1:2]!@[OX2:3][!#1:4]	-30.0006	9.1924	-	-	-	-	G
C20435154      none	B	[cH1,n:1][c:2]!@[O:3][CRH1:4]	-89.9957	0.203252	-	-	-	-	R
C20435154      none	B	[a:1][c:2]!@[CX4H2:3][!#1:4]	134.995	1.8443	-	-	-	-	O
C57877172      none	B	[!#1:1][CH2:2]!@[n:3][cH0:4]	89.9833	14.7896	-	-	-	-	G
C57877172      none	B	[!#1:1][CX4:2]!@[CX4:3][!#1:4]	159.998	1.81259	-	-	-	-	G
C57877172      none	B	[!#1:1][CX4:2]!@[CX3H0:3][!#1:4]	89.996	2.78327	-	-	-	-	G
C19674919      none	B	[a:1][c:2]!@[CX4H1:3][N,O:4]	-120.003	3.08052	-	-	-	-	G
C19674919      none	B	[!#1:1][CX4:2]!@[CX4:3][!#1:4]	180	22.1548	-	-	-	-	G
C19674919      none	B	[!#1:1][CX4H2:2]!@[CX4H2:3][!#1:4]	180	58.554	-	-	-	-	G
C19674919      none	B	[!#1:1][CX4H2:2]!@[CX4H2:3][!#1:4]	180	58.554	-	-	-	-	G
C00109585      none	B	[a:1][c:2]!@[C:3]([NH1,NH2])=[O:4]	179.999	9.31373	-	-	-	-	G
C37124107      none	B	[a:1][c:2]!@[CX4H1:3][N,O:4]	0.00414752	1.53503	-	-	-	-	G
C37124107      none	B	[!#1:1][CX4H1:2]!@[NX3:3][!#1:4]	-150.004	2.59662	-	-	-	-	G
C37124107      none	B	[cH1:1][c:2]([cH1])!@[NX3:3][CX4:4]	-120.001	1.0788	-	-	-	-	O
C04086362      none	B	[c:1][c:2]!@[c:3][s,o,nX3H1:4]	-0.00471549	17.837	-	-	-	-	G
C04086362      none	B	[O-:1][N+:2](=O)!@[c:3]([cH,nX2H0])[cH,nX2H0:4]	-179.988	23.2156	-	-	-	-	G
C04086362      none	B	[a:1][a:2]!@[CX3:3]=[CX3H1:4]	-60.0038	1.10784	-	-	-	-	O
C04086362      none	B	[*^2:1]~[C^2:2]([!H])!@[C^2:3]~[*^2:4]	60.0071	0.650722	-	-	-	-	O
C04086362      none	B	[O:1]=[CX3:2]!@[NX3H0:3][!#1:4]	150.278	1.73707	-	-	-	-	O
C34069152      none	B	[C:1][CX4H2:2]!@[CX3:3]=[O:4]	-59.9992	2.08575	-	-	-	-	O
C34069152      none	B	[a:1][a:2]!@[CX3:3]=[O:4]	-59.6908	0.753398	-	-	-	-	O
C44154232      none	-	-	-	-	-	-	-	-	-
C36922560      none	B	[!#1:1][CX4H2:2]!@[CX4H2:3][!#1:4]	-60.0037	3.77933	-	-	-	-	G
C36922560      none	B	[!#1:1][CX4H2:2]!@[NX3H1:3][!#1:4]	180	11.3535	-	-	-	-	G
C36922560      none	B	[cH0:1][c:2]([cH,nX2H0])!@[NX3H1:3][CX4:4]	179.999	49.7854	-	-	-	-	G
C54709729      none	B	[$(C=O):1][O:2]!@[CH2:3]~[C:4]	90.0048	4.53893	-	-	-	-	G
C54709729      none	B	[O:1]=[C:2]!@[O:3]~[C:4]	-0.00389535	74.4927	-	-	-	-	G
C54709729      none	B	[a:1][a:2]!@[CX3:3]=[O:4]	-119.672	0.825401	-	-	-	-	R
C54709729      none	B	[c:1][c:2]!@[c:3][s,o,nX3H1:4]	150.278	2.6253	-	-	-	-	G
C43215011      none	B	[C:1][CX4H2:2]!@[OX2:3][!#1:4]	180	29.7764	-	-	-	-	G
C43215011      none	B	[*:1]~[nX3:2]!@[OX2:3]~[*:4]	30.0017	0	-	-	-	-	R
C43215011      none	B	[*:1]~[nX3:2]!@[OX2:3]~[*:4]	-149.993	0	-	-	-	-	R
C43215011      none	B	[C:1][CX4H2:2]!@[OX2:3][!#1:4]	180	29.7764	-	-	-	-	G
C62395975      none	B	[c:1][c:2]!@[c:3][s,o,nX3H1:4]	0.289043	17.837	-	-	-	-	G
C62395975      none	B	[a:1][c:2]!@[CX4H2:3][a:4]	135.002	1.80451	-	-	-	-	O
C62395975      none	B	[a:1][c:2]!@[CX4H2:3][a:4]	0.324263	2.06767	-	-	-	-	O
CHEMBL298006      none	B	[a:1][c:2]!@[CX4H2:3][!#1:4]	44.9984	1.59785	-	-	-	-	O
CHEMBL298006      none	B	[!#1:1][CX4H2:2]!@[NX3;"N_lp":3][!#1:4]	-159.999	6.28481	-	-	-	-	G
CHEMBL298006      none	B	[C:1][CX4H2:2]!@[NX3;"N_lp":3][C:4]	60.0017	4.78632	-	-	-	-	G
C41770590      none	B	[c:1][c:2]([cH0])!@[c:3][nX2H0:4]	120.244	2.09836	-	-	-	-	O
C41770590      none	B	[aH0:1][c:2]([aH0])!@[SX2:3][!#1:4]	119.997	1.75348	-	-	-	-	G
C41770590      none	B	[!#1:1][CX4:2]!@[SX2:3][!#1:4]	149.999	1.40678	-	-	-	-	G
C41770590      none	B	[!#1:1][CX4:2]!@[CX4:3][!#1:4]	82.1	1.75235	-	-	-	-	G
C20011467      none	B	[cH0:1][c:2]([cH,nX2H0])!@[NX3H1:3][CX4:4]	179.975	49.7854	-	-	-	-	G
C20011467      none	B	[!#1:1][CX4H2:2]!@[NX3H1:3][!#1:4]	-90.0056	6.4105	-	-	-	-	G
C20011467      none	B	[!#1:1][CX4H2:2]!@[CX4H2:3][!#1:4]	180	58.554	-	-	-	-	G
C20011467      none	B	[$([CX3]=O):1][NX3H0:2](C)!@[CX4H2:3][C:4]	59.7061	0.600343	-	-	-	-	O
CHEMBL92401      none	B	[!#1:1][CX4:2]!@[NX3;"N_lp":3]	78.0229	1.31309	-	-	-	-	O
CHEMBL92401      none	B	[*:1]~[NX3:2]!@[NX3:3]~[*:4]	-89.9965	3.3545	-	-	-	-	G
CHEMBL92401      none	B	[O:1]=[CX3:2]!@[NX3H1:3][!#1:4]	-0.00590714	63.7893	-	-	-	-	G
CHEMBL92401      none	B	[cH1:1][c:2]([cH1])!@[C:3]([NH1,NH2])=[O:4]	153.01	9.05971	-	-	-	-	G
C01391278      none	B	[$(C=O):1][O:2]!@[CH2:3]~[C:4]	-89.9945	4.43359	-	-	-	-	G
C01391278      none	B	[O:1]=[C:2]!@[O:3]~[C:4]	-0.00134759	74.4927	-	-	-	-	G
C01391278      none	B	[O:1][CX4:2]!@[CX3:3]=[O:4]	119.986	0.923198	-	-	-	-	O
C01391278      none	B	[C:1][CX4H2:2]!@[OX2:3][c:4]	-120.004	0.315856	-	-	-	-	R
C01391278      none	B	[cH0:1][c:2]([cH0])!@[O:3][C:4]	-89.7222	14.1718	-	-	-	-	G
C01391278      none	B	[a:1][a:2]!@[CX3:3]=[O:4]	29.9985	2.37961	-	-	-	-	G
C01391278      none	B	[O:1]=[C:2]!@[O:3]~[C:4]	0.00421669	74.4927	-	-	-	-	G
C00295489      none	B	[*:1]~[cX3:2]!@[NX2:3]~[*:4]	-60.0025	1.53044	-	-	-	-	O
C00295489      none	B	[cH1:1][c:2]([cH1])!@[CX3:3]=[NX2:4]	150.276	2.10453	-	-	-	-	G
C00295489      none	B	[cH1:1][c:2]([cH1])!@[NX3:3][CX4:4]	59.9949	1.23291	-	-	-	-	O
C54159442      none	B	[c:1][c:2]!@[c:3][s,o,nX3H1:4]	179.999	12.4984	-	-	-	-	G
C54159442      none	B	[a:1][c:2]!@[CX4H1:3][N,O:4]	0.00333006	1.53503	-	-	-	-	G
C54159442      none	B	[*:1]~[CX4:2]!@[NX4:3]~[*:4]	60.0019	15.3058	-	-	-	-	G
C05541664      none	-	-	-	-	-	-	-	-	-
C43656267      none	B	[!#1:1][CX4:2]!@[CX4:3][!#1:4]	-40.0065	0.976141	-	-	-	-	G
C43656267      none	B	[!#1:1][CX4H2:2]!@[CX4H2:3][!#1:4]	180	58.554	-	-	-	-	G
C43656267      none	B	[C:1][CH2:2]!@[O:3][CX4:4]	-160.001	4.55295	-	-	-	-	G
C43656267      none	B	[C:1][CH2:2]!@[O:3][CX4:4]	160.002	5.67469	-	-	-	-	G
C02780204      none	B	[!#1:1][CH2:2]!@[n:3][a:4]	-90	13.2844	-	-	-	-	G
C02780204      none	B	[!#1:1][CX4H2:2]!@[CX3:3]=[O:4]	60.0027	1.20812	-	-	-	-	G
C02780204      none	B	[O:1]=[CX3:2]!@[NX3H1:3][!#1:4]	-0.00795759	63.7893	-	-	-	-	G
C02780204      none	B	[$(C=O):1][NX3H1:2]!@[CX4H1:3][H:4]	-29.9878	6.97413	-	-	-	-	G
C02780204      none	B	[OX2:1][CX4:2]!@[CX4:3][N:4]	81.1914	3.55056	-	-	-	-	O
C43444142      none	B	[cH0:1][c:2]([cH,nX2H0])!@[NX3H1:3][CX4:4]	-160.025	4.72103	-	-	-	-	O
C43444142      none	B	[!#1:1][CX4H2:2]!@[NX3H1:3][!#1:4]	120.002	2.00811	-	-	-	-	O
C43444142      none	B	[!#1:1][CX4H2:2]!@[CX4H2:3][!#1:4]	59.9978	3.99483	-	-	-	-	G
C43444142      none	B	[!#1:1][CX4H2:2]!@[CX4H2:3][!#1:4]	59.9975	3.99483	-	-	-	-	G
C40217281      none	B	[aH0:1][c:2]([aH0])!@[SX2:3][!#1:4]	0.00447519	13.1253	-	-	-	-	G
C40217281      none	B	[aH0:1][c:2]([aH0])!@[SX2:3][!#1:4]	119.995	1.75348	-	-	-	-	G
C61518724      none	B	[!#1:1][CX4H2:2]!@[CX4H2:3][!#1:4]	180	58.554	-	-	-	-	G
C61518724      none	B	[!#1:1][CX4:2]!@[CX4:3][!#1:4]	-80.0056	1.71775	-	-	-	-	G
C61518724      none	B	[a:1][c:2]!@[CX4H1:3][N,O:4]	-119.993	3.08052	-	-	-	-	G
C61518724      none	B	[!#1:1][CX4H1:2]!@[NX3:3][!#1:4]	-89.9998	3.22537	-	-	-	-	G
C61518724      none	B	[a:1][a:2]!@[NX3:3][!#1:4]	30.0013	1.9288	-	-	-	-	O
C04262096      none	B	[!#1:1][CX4:2]!@[CX4:3][!#1:4]	180	22.1548	-	-	-	-	G
C08729604      none	B	[!#1:1][CX4:2]!@[CX4:3][!#1:4]	60.0018	12.3771	-	-	-	-	G
C08729604      none	B	[!#1:1][CX4H2:2]!@[CX4H2:3][!#1:4]	179.994	58.554	-	-	-	-	G
C08729604      none	B	[C:1][CX4H2:2]!@[NX3:3][C:4]	-90.0059	9.94394	-	-	-	-	G
C24205037      none	B	[aH0:1][c:2]([aH0])!@[SX2:3][!#1:4]	179.99	14.0278	-	-	-	-	G
C24205037      none	B	[aH0:1][c:2]([aH0])!@[SX2:3][!#1:4]	149.997	0.567303	-	-	-	-	O
C44230688      none	B	[a:1][c:2]!@[CX4H1:3][N,O:4]	83.3648	1.59433	-	-	-	-	G
C44230688      none	B	[c:1][c:2]!@[c:3][s,o,nX3H1:4]	-149.774	2.47456	-	-	-	-	G
C57931770      none	B	[$(C=O):1][NX3H0:2]!@[CX4H2:3][!#1:4]	-90.0247	14.1466	-	-	-	-	G
C50519053      none	B	[cH1,n:1][c:2]!@[O:3][CRH1:4]	89.9945	0.203252	-	-	-	-	R
C50519053      none	B	[H:1][CX4H1:2]!@[OX2:3][!#1:4]	108.802	0.00502866	-	-	-	-	R
C09927349      none	B	[!#1:1][CH2:2]!@[n:3][cH0:4]	90.3213	14.7896	-	-	-	-	G
C09927349      none	B	[c:1][c:2]([cH0])!@[c:3][nX2H0:4]	120.245	2.09836	-	-	-	-	O
C09927349      none	B	[a:1][a:2]!@[CX3:3]=[CX3H1:4]	30.0099	2.28579	-	-	-	-	G
C09927349      none	B	[a:1][a:2]!@[CX3:3]=[CX3H1:4]	-59.7262	1.10784	-	-	-	-	O
C06766529      none	B	[C:1][CH2:2]!@[O:3][CX4:4]	80.0013	1.71561	-	-	-	-	G
C06766529      none	B	[OX2:1][CX4H2:2]!@[CX3:3]([$([NX3H1,NX3H2])])=[O:4]	-150.011	0.714286	-	-	-	-	O
C06766529      none	B	[O:1]=[CX3:2]!@[NX3H1:3][!#1:4]	0.0115286	63.7893	-	-	-	-	G
C06766529      none	B	[$(C=O):1][NX3H1:2]!@[c:3]([cH0]Cl)[cH:4]	-59.7291	1.88679	-	-	-	-	G
C06766529      none	B	[c:1][c:2]!@[c:3][s,o,nX3H1:4]	160.001	3.02726	-	-	-	-	G
C62536436      none	-	-	-	-	-	-	-	-	-
C04691790      none	B	[!#1:1][CX4:2]!@[CX4:3][!#1:4]	160.002	1.81259	-	-	-	-	G
C04691790      none	B	[C:1][CX4H2:2]!@[CX3:3]=[O:4]	-60.0072	2.08575	-	-	-	-	O
C62537256      none	B	[a:1][a:2]!@[NX3:3][!#1:4]	-0.5875	10.9271	-	-	-	-	G
C00433896      none	B	[!#1:1][CX4:2]!@[CX4:3][!#1:4]	60.0039	12.3771	-	-	-	-	G
C00433896      none	B	[!#1:1][CX4:2]!@[CX4:3][!#1:4]	-60.2368	12.2558	-	-	-	-	G
C00433896      none	B	[$([C](=O)):1][NX3:2]!@[a:3](s)[a:4]	-119.966	0.425532	-	-	-	-	R
C00433896      none	B	[O:1]=[CX3:2]!@[NX3H1:3][!#1:4]	0.00528606	63.7893	-	-	-	-	G
C00433896      none	B	[O:1]=[C:2]([N])!@[O:3]~[C:4]	-0.000221319	57.729	-	-	-	-	G
C00433896      none	B	[$(C=O):1][O:2]!@[CH2:3]~[C:4]	179.998	23.3458	-	-	-	-	G
C43667349      none	B	[*:1]~[CX4:2]!@[n:3]~[*:4]	180	3.53397	-	-	-	-	G
CHEMBL552680      none	B	[a:1][c:2]!@[CX4H0:3][CX4:4]	38.6191	1.70843	-	-	-	-	O
CHEMBL597372      none	B	[!#1:1][CX4H2:2]!@[CX4H2:3][!#1:4]	-59.9993	3.77933	-	-	-	-	G
CHEMBL597372      none	B	[!#1:1][CX4H2:2]!@[CX4H2:3][!#1:4]	-59.9991	3.77933	-	-	-	-	G
CHEMBL597372      none	B	[C:1][CX4H2:2]!@[OX2:3][c:4]	-150	1.28448	-	-	-	-	O
CHEMBL597372      none	B	[cH1:1][c:2]([cH1])!@[O:3][C:4]	150.27	0.199809	-	-	-	-	O
CHEMBL597372      none	B	[a:1][c:2]!@[CX4H1:3][H:4]	60.5789	1.05062	-	-	-	-	O
C01581331      none	-	-	-	-	-	-	-	-	-
C02041562      none	B	[!#1:1][CX4:2]!@[SX2:3][!#1:4]	-40.0015	0.858878	-	-	-	-	O
C50425008      none	B	[!#1:1][CX4:2]!@[CX4:3][!#1:4]	60.0028	12.3771	-	-	-	-	G
C50425008      none	B	[!#1:1][CX4:2]!@[CX4:3][!#1:4]	-59.997	12.2558	-	-	-	-	G
C50425008      none	B	[!#1:1][CX4:2]!@[SX2:3][!#1:4]	150.001	1.40678	-	-	-	-	G
C50425008      none	B	[aH0:1][c:2]([aH0])!@[SX2:3][!#1:4]	150.005	0.567303	-	-	-	-	O
C39136014      none	-	-	-	-	-	-	-	-	-
C12769382      none	B	[a:1][c:2]!@[CX4H1:3][H:4]	59.9999	1.05062	-	-	-	-	G
C12769382      none	B	[a:1][c:2]!@[CX4H0:3][CX4:4]	0.00623057	4.9669	-	-	-	-	G
C38044513      none	B	[a:1][c:2]!@[CX4H1:3][N,O:4]	-90.004	1.29082	-	-	-	-	G
C38044513      none	B	[*:1]~[CX4:2]!@[NX4:3]~[*:4]	160	1.9368	-	-	-	-	G
C38044513      none	B	[*:1]~[CX4:2]!@[NX4:3]~[*:4]	180	15.0612	-	-	-	-	G
C38044513      none	B	[!#1:1][CX4:2]!@[CX4:3][!#1:4]	80.2493	1.75235	-	-	-	-	G
C37687802      none	B	[OX2:1][CX4:2]!@[CX4:3][N:4]	-160	1.21348	-	-	-	-	O
C37687802      none	B	[!#1:1][CX4H2:2]!@[NX3H1:3][!#1:4]	-119.998	2.14327	-	-	-	-	O
C37687802      none	B	[cH1:1][c:2]([cH1])!@[NX3:3][CX4:4]	20.2637	2.88127	-	-	-	-	G
C04903611      none	B	[cH0:1][c:2]([cH1])!@[O:3][C:4]	-120.001	0.327297	-	-	-	-	R
C04903611      none	B	[C:1][CX4H2:2]!@[OX2:3][c:4]	-149.998	1.28448	-	-	-	-	O
C04903611      none	B	[OX2:1][CX4:2]!@[CX4:3][OX2:4]	60.9487	14.3222	-	-	-	-	G
C35763898      none	B	[cH0:1][c:2]!@[CX4H1:3][CX4:4]	149.719	3.06136	-	-	-	-	G
C35763898      none	B	[!#1:1][CX4H1:2]!@[NX3:3][!#1:4]	-89.9936	3.22537	-	-	-	-	G
C35763898      none	B	[cH1:1][c:2]([cH1])!@[NX3:3][CX4:4]	-150.001	1.27312	-	-	-	-	O
C62152923      none	-	-	-	-	-	-	-	-	-
C39111538      none	B	[!#1:1][CX4:2]!@[CX4:3][!#1:4]	59.9939	12.3771	-	-	-	-	G
C39123811      none	B	[C:1][CX4H2:2]!@[CX3:3]=[O:4]	29.9956	4.22116	-	-	-	-	G
C39123811      none	B	[*:1]~[CX3:2]!@[NX2:3]~[*:4]	179.999	40.8031	-	-	-	-	G
C14248896      none	B	[a:1][a:2]!@[NX3:3][!#1:4]	-90.0016	1.65296	-	-	-	-	O
C14248896      none	B	[!#1:1][CX4H2:2]!@[NX3:3][!#1:4]	120.003	1.56596	-	-	-	-	O
C14248896      none	B	[a:1][c:2]!@[CX4H2:3][!#1:4]	-89.6833	7.30446	-	-	-	-	G
C50309152      none	B	[!#1:1][CX4H2:2]!@[CX4H2:3][!#1:4]	180	58.554	-	-	-	-	G
C50309152      none	B	[cH0:1][c:2]!@[CX4H2:3][CX4:4]	-179.728	4.40506	-	-	-	-	R
C50309152      none	B	[a:1][c:2]!@[CX4H1:3][H:4]	4.33719	6.54616	-	-	-	-	G
C67046576      none	B	[a:1][c:2]!@[CX4H1:3][H:4]	-59.9955	1.09004	-	-	-	-	G
C67046576      none	B	[O:1]=[CX3:2](a)!@[NX3H0:3][!#1:4]	-149.997	2.19542	-	-	-	-	G
C67046576      none	B	[a:1][c:2]!@[C:3]([NH0])=[O:4]	90.3184	2.88889	-	-	-	-	G
C67046576      none	B	[a:1][c:2]!@[CX4H1:3][H:4]	-115.664	0.954033	-	-	-	-	O
C49057534      none	B	[cH0:1][c:2]!@[CX4H1:3][CX4:4]	-150.274	2.93999	-	-	-	-	G
C49057534      none	B	[!#1:1][CX4:2]!@[SX2:3][!#1:4]	60.0022	7.53739	-	-	-	-	G
C49057534      none	B	[aH1:1][c:2]([aH0])!@[SX2:3][!#1:4]	60.0011	1.24514	-	-	-	-	O
C62800379      none	B	[cH1,n:1][c:2]!@[O:3][CRH1:4]	29.9927	4.06504	-	-	-	-	G
C62800379      none	B	[H:1][CX4H1:2]!@[OX2:3][!#1:4]	0.00372505	7.47259	-	-	-	-	G
C19275589      none	B	[!#1:1][CX4:2]!@[CX3H0:3][!#1:4]	0.0018233	1.41387	-	-	-	-	O
C13222459      none	-	-	-	-	-	-	-	-	-
C39103124      none	B	[!#1:1][CX4:2]!@[CX4:3][!#1:4]	37.5642	0.998355	-	-	-	-	G
C41644977      none	B	[!#1:1][CH2:2]!@[n:3][cH0:4]	90.3169	14.7896	-	-	-	-	G
C41644977      none	B	[cH0:1][c:2]!@[CX4H2:3][N,O,S:4]	180	6.20075	-	-	-	-	G
C41644977      none	B	[$(C=O):1][NX3H1:2]!@[CX4H2:3][!#1:4]	150.007	1.53362	-	-	-	-	G
C41644977      none	B	[O:1]=[CX3:2]!@[NX3H1:3][!#1:4]	-0.00857469	63.7893	-	-	-	-	G
C41644977      none	B	[C:1][CX4:2]!@[CX3:3]=[O:4]	148.955	1.17362	-	-	-	-	G
C61847313      none	B	[c:1][c:2]!@[c:3][s,o,nX3H1:4]	119.996	0.615501	-	-	-	-	O
C61847313      none	B	[a:1][c:2]!@[CX4H2:3][!#1:4]	-90.0089	7.30446	-	-	-	-	G
CHEMBL10316      none	B	[!#1:1][CX4:2]!@[CX3H0:3][!#1:4]	-150.288	2.58987	-	-	-	-	G
C38007946      none	B	[a:1][c:2]!@[CX4H2:3][!#1:4]	89.9949	7.24386	-	-	-	-	G
C38007946      none	B	[!#1:1][CX4H2:2]!@[NX3H1;"N_lp":3][!#1:4]	176.044	17.6883	-	-	-	-	G
C38007946      none	B	[C:1][CX4:2]!@[NX3;"N_lp":3][C:4]	79.9019	5.94326	-	-	-	-	G
C40545714      none	B	[*^2:1]~[C^2:2]([!H])!@[C^2:3]~[*^2:4]	-29.992	1.21216	-	-	-	-	G
C40545714      none	B	[a:1][c:2]!@[CX4H0:3][CX4:4]	-0.000344574	4.9669	-	-	-	-	G
C00967484      none	B	[O:1]=[C:2]!@[O:3]~[C:4]	-0.0110066	74.4927	-	-	-	-	G
C00967484      none	B	[a:1][a:2]!@[CX3:3]=[O:4]	59.9973	0.735836	-	-	-	-	O
C00967484      none	B	[O-:1][N+:2](=O)!@[c:3]([cH0])[cH,nX2H0:4]	-0.0130615	12.6374	-	-	-	-	G
C40236163      none	B	[!#1:1][CX4:2]!@[CX4:3][!#1:4]	179.994	22.1548	-	-	-	-	G
C40236163      none	B	[a:1][c:2]!@[CX4H1:3][N,O:4]	-30.0017	3.61778	-	-	-	-	G
C38540659      none	B	[cH0:1][c:2]([cH,nX2H0])!@[NX3H0:3][CX4:4]	120.251	2.29463	-	-	-	-	O
C20549743      none	B	[!#1:1][CX4:2]!@[CX4:3][!#1:4]	-60.0051	12.2558	-	-	-	-	G
C20549743      none	B	[!#1:1][CX4:2]!@[SX2:3][!#1:4]	-80.0007	6.01214	-	-	-	-	G
C20549743      none	B	[!#1:1][CX4:2]!@[SX2:3][!#1:4]	180	11.1654	-	-	-	-	G
C20549743      none	B	[a:1][c:2]!@[CX4H2:3][!#1:4]	45.2749	2.0463	-	-	-	-	O
C20549743      none	B	[cH0:1][c:2]([cH1])!@[O:3][C:4]	90.0029	0.6255	-	-	-	-	R
C33638481      none	-	-	-	-	-	-	-	-	-
C54497164      none	B	[a:1][c:2]!@[CX4H1:3][H:4]	180	7.22227	-	-	-	-	G
C54497164      none	B	[a:1][c:2]!@[CX4H2:3][!#1:4]	-0.00659827	2.24426	-	-	-	-	O
C54497164      none	B	[!#1:1][CX4:2]!@[SX2:3][!#1:4]	-79.9953	6.01214	-	-	-	-	G
C00172726      none	B	[!#1:1][CX4:2]!@[CX4:3][!#1:4]	59.996	12.3771	-	-	-	-	G
C00172726      none	B	[C:1][CX4H2:2]!@[NX3:3][C:4]	-119.999	1.34412	-	-	-	-	O
C00172726      none	B	[!#1:1][CX3:2](=S)!@[NX3H1:3][!#1:4]	119.998	0.033389	-	-	-	-	R
C00172726      none	B	[!#1:1][CX3:2](=S)!@[NX3H0:3][!#1:4]	-149.682	0.57554	-	-	-	-	R
C65358556      none	B	[!#1:1][CX4H2:2]!@[CX4H2:3][!#1:4]	-59.9986	3.77933	-	-	-	-	G
C65358556      none	B	[C:1][CH2:2]!@[O:3][CX4:4]	179.998	35.2689	-	-	-	-	G
C65358556      none	B	[H:1][CX4H1:2]!@[O:3][CX4:4]	-40.0011	11.8876	-	-	-	-	G
C65358556      none	B	[O:1]=[CX3:2]!@[NX3H0:3][!#1:4]	-29.9956	0.692521	-	-	-	-	O
C65358556      none	B	[O:1]=[CX3:2]!@[NX3H1:3][!#1:4]	-0.00379022	63.7893	-	-	-	-	G
C65358556      none	B	[$(C=O):1][NX3H1:2]!@[c:3]([cH0]F)[cH:4]	-29.7188	8.77193	-	-	-	-	G
C40887051      none	B	[cH0:1][c:2]([cH0])!@[O:3][c:4]	-59.9941	4.68278	-	-	-	-	G
C40887051      none	B	[aH0:1][c:2]!@[OX2:3][!#1:4]	-0.00875135	2.68047	-	-	-	-	G
C40887051      none	B	[a:1][c:2]!@[CX4H2:3][!#1:4]	89.9921	7.24386	-	-	-	-	G
C01848629      none	B	[!#1:1][CX4:2]!@[CX4:3][!#1:4]	179.078	22.1548	-	-	-	-	G
C01848629      none	B	[!#1:1][CX4:2]!@[CX4:3][!#1:4]	180	22.1548	-	-	-	-	G
C39059089      none	B	[!#1:1][CX4:2]!@[CX3H0:3][!#1:4]	-149.995	2.58987	-	-	-	-	G
C66297962      none	B	[a,!nX2H0:1][a:2]([!nX2H0])!@[a:3]([nX2H0])[nX2H0:4]	180	32.5	-	-	-	-	G
C66297962      none	B	[a:1][c:2]!@[CX4H2:3][!#1:4]	-44.9991	1.62815	-	-	-	-	O
C66297962      none	B	[!#1:1][CX4:2]!@[SX3:3][!#1:4]	-76.9005	2.02883	-	-	-	-	G
C66297962      none	B	[!#1:1][CX4:2]!@[SX3:3][!#1:4]	-160.001	2.34917	-	-	-	-	G
C66297962      none	B	[cH0:1][c:2]!@[CX4H2:3][N,O,S:4]	90.0012	7.74238	-	-	-	-	G
C40278950      none	B	[n,o,s:1][c:2]!@[CX4H2:3][CX4:4]	89.9984	4.03889	-	-	-	-	G
C40278950      none	B	[a:1][c:2]!@[CX4H1:3][a:4]	-0.00331976	0.923965	-	-	-	-	G
C40278950      none	B	[a:1][c:2]!@[CX4H1:3][a:4]	60.0049	3.33975	-	-	-	-	G
C40278950      none	B	[O-:1][N+:2](=O)!@[c:3][a:4]	0.00684503	18.5814	-	-	-	-	G
C28058126      none	B	[$(C=O):1][O:2]!@[CH2:3]~[C:4]	149.996	2.20243	-	-	-	-	G
C28058126      none	B	[O:1]=[C:2]!@[O:3]~[C:4]	-0.00298546	74.4927	-	-	-	-	G
C28058126      none	B	[cH1:1][c:2]([cH1])!@[CX3:3]=[O:4]	0.279093	14.2319	-	-	-	-	G
C28058126      none	B	[aH1:1][c:2]([aH1])!@[SX4:3][!#1:4]	-30.0003	0.190355	-	-	-	-	R
C28058126      none	B	[*:1][$(S(=O)=O):2]!@[NX3H0r:3][*:4]	120.278	1.23223	-	-	-	-	O
C39102488      none	B	[cH0:1][c:2]!@[CX4H2:3][CX4:4]	-179.696	4.40506	-	-	-	-	R
C49576460      none	B	[a:1][c:2]!@[CX4H1:3][N,O:4]	-150.001	3.72593	-	-	-	-	G
C49576460      none	B	[a:1][c:2]!@[CX4H1:3][N,O:4]	60.0077	3.42939	-	-	-	-	G
C36019111      none	B	[C:1][CX4:2]!@[NX3:3][C:4]	0.00268363	0.0884503	-	-	-	-	R
C36019111      none	B	[*:1]~[CX3:2]!@[NX3:3]~[*:4]	119.998	0.164173	-	-	-	-	G
C49239534      none	B	[a:1][c:2]!@[CX4H1:3][H:4]	0.00874256	6.54616	-	-	-	-	G
C49239534      none	B	[$(C=O):1][NX3H1:2]!@[c:3](s)[n:4]	-0.00128134	0.574713	-	-	-	-	R
C49239534      none	B	[O:1]=[CX3:2]!@[NX3H1:3][!#1:4]	0.00265079	63.7893	-	-	-	-	G
C49239534      none	B	[s:1][c:2]!@[C:3]([NH1])=[O:4]	179.998	7.69231	-	-	-	-	R
C49239534      none	B	[!#1:1][CX4H2:2]!@[CX4H2:3][!#1:4]	-60.004	3.77933	-	-	-	-	G
C39342216      none	B	[!#1:1][CX3:2]!@[SX2:3][!#1:4]	-120.002	0.0753012	-	-	-	-	R
C39342216      none	B	[aH1:1][c:2]([aH0])!@[SX2:3][*R:4]	-90.002	3.82653	-	-	-	-	G
C43467688      none	B	[!#1:1][CH2:2]!@[n:3][a:4]	-89.69	13.2844	-	-	-	-	G
C43467688      none	B	[a:1][c:2]!@[CX4H0:3][CX4:4]	-124.051	5.28723	-	-	-	-	G
C62830463      none	B	[cH1:1][c:2]([cH1])!@[CX4H2:3][CX4:4]	150.015	0.322581	-	-	-	-	R
C62830463      none	B	[!#1:1][CX4H2:2]!@[CX4H2:3][!#1:4]	179.998	58.554	-	-	-	-	G
C62830463      none	B	[!#1:1][CX4:2]!@[SX3:3][!#1:4]	-176.903	19.701	-	-	-	-	G
C62830463      none	B	[!#1:1][CX4:2]!@[SX3:3][!#1:4]	51.8359	3.68393	-	-	-	-	G
C03076003      none	B	[cH1:1][c:2]([cH1])!@[CX4H2:3][CX4:4]	29.9926	0.378198	-	-	-	-	R
C03076003      none	B	[aH1:1][c:2]([aH1])!@[SX4:3][!#1:4]	90.0014	12.916	-	-	-	-	G
C03076003      none	B	[*:1]~[OX2:2]!@[SX4:3]~[*:4]	160.002	2.391	-	-	-	-	G
C03076003      none	B	[cH1:1][c:2]([cH0])!@[O:3][S:4]	60.0034	2.57732	-	-	-	-	G
C15826160      none	B	[n,o,s:1][c:2]!@[CX4H2:3][CX4:4]	-179.724	8.82573	-	-	-	-	G
C15826160      none	B	[cH0:1][c:2]([nX2])!@[O:3][C:4]	-119.995	0.286533	-	-	-	-	R
C15826160      none	B	[C:1][CX4H2:2]!@[OX2:3][c:4]	-90.0075	0.86334	-	-	-	-	G
C15826160      none	B	[O:1][CX4:2]!@[CX3:3]=[O:4]	150.006	2.2196	-	-	-	-	G
C15826160      none	B	[O:1]=[C:2]!@[O:3]~[C:4]	-0.00106177	74.4927	-	-	-	-	G
C50522236      none	B	[CX3:1]=[CX3:2]!@[CH2:3][!#1:4]	60.0036	0.148462	-	-	-	-	R
C50522236      none	B	[C:1][CX4H2:2]!@[NX3;"N_lp":3][C:4]	39.9987	0.0777001	-	-	-	-	R
C50522236      none	B	[C:1][CX4:2]!@[NX3;"N_lp":3][C:4]	64.8145	6.93585	-	-	-	-	G
C42865888      none	B	[!#1:1][CX4:2]!@[CX4:3][!#1:4]	-59.2301	12.2558	-	-	-	-	G
C42865888      none	B	[C:1][CX4H2:2]!@[NX3:3][C:4]	89.9967	10.0586	-	-	-	-	G
C42865888      none	B	[!#1:1][CX4:2]!@[CX4:3][!#1:4]	39.9971	0.998355	-	-	-	-	G
C50564062      none	B	[cH1,nX2H0:1][c:2]([cH1,nX2H0])!@[NX3r:3][*:4]	59.9966	2.78062	-	-	-	-	O
C53146114      none	B	[cH0:1][c:2]([cH0])!@[c:3][nX2H0:4]	150.315	0.694444	-	-	-	-	R
C35295466      none	B	[cH1:1][c:2]([cH1])!@[CX3:3]=[O:4]	-29.7302	3.22841	-	-	-	-	G
C35295466      none	B	[*:1]~[cX3:2]!@[NX2:3]~[*:4]	90.0042	1.96062	-	-	-	-	O
C36221942      none	B	[cH0:1][c:2]!@[CX4H2:3][CX4:4]	-179.694	4.40506	-	-	-	-	R
CHEMBL269073      none	B	[cH1:1][c:2]([cH1])!@[O:3][C:4]	0.270776	26.3009	-	-	-	-	G
C39111502      none	-	-	-	-	-	-	-	-	-
C14984902      none	-	-	-	-	-	-	-	-	-
C62778737      none	B	[a:1][c:2]!@[CX4H1:3][N,O:4]	119.997	3.12238	-	-	-	-	G
C62778737      none	B	[c:1][CX4:2]!@[CX3:3][C:4]	-60.2626	7.79817	-	-	-	-	G
C11680546      none	B	[aH0:1][c:2]([aH0])!@[SX2:3][!#1:4]	89.998	3.2491	-	-	-	-	G
C11680546      none	B	[!#1:1][CX4:2]!@[SX2:3][!#1:4]	179.999	11.1654	-	-	-	-	G
C11680546      none	B	[cH0:1][c:2]!@[CX4H2:3][N,O,S:4]	-134.999	0.856458	-	-	-	-	G
C39294537      none	B	[O:1]=[C:2]!@[O:3]~[C:4]	-0.00444027	74.4927	-	-	-	-	G
C39294537      none	B	[C:1][CX4:2]!@[CX3:3]=[O:4]	124.763	3.75937	-	-	-	-	G
C39115551      none	B	[*:1]~[CX4:2]!@[n:3]~[*:4]	120.005	3.12393	-	-	-	-	G
C39115551      none	B	[aH0:1][c:2]([aH0])!@[SX2:3][!#1:4]	179.997	14.0278	-	-	-	-	G
C39115551      none	B	[!#1:1][CX4:2]!@[SX2:3][!#1:4]	160	2.91722	-	-	-	-	G
C50329352      none	B	[C:1][CX4:2]!@[CX3:3][C:4]	59.9643	7.72028	-	-	-	-	G
C50329352      none	B	[!#1:1][CX4:2]!@[CX4:3][!#1:4]	-176.668	22.1548	-	-	-	-	G
C62830765      none	B	[C:1][CX4:2]!@[NX3;"N_lp":3][C:4]	160	4.57693	-	-	-	-	G
C62830765      none	B	[!#1:1][CX4:2]!@[CX4:3][!#1:4]	-79.9965	1.71775	-	-	-	-	G
C62830765      none	B	[!#1:1][CX4H2:2]!@[CX4H2:3][!#1:4]	180	58.554	-	-	-	-	G
C62830765      none	B	[!#1:1][CX4:2]!@[SX2:3][!#1:4]	180	11.1654	-	-	-	-	G
C62830765      none	B	[!#1:1][CX4:2]!@[SX2:3][!#1:4]	-68.1708	8.91456	-	-	-	-	G
C00126630      none	B	[n,o,s:1][c:2]!@[CX4H2:3][CX4:4]	0.281143	6.43231	-	-	-	-	G
C62535060      none	-	-	-	-	-	-	-	-	-
C44977537      none	B	[a:1][c:2]!@[CX4H1:3][H:4]	149.998	3.71955	-	-	-	-	G
C44977537      none	B	[a:1][c:2]!@[CX4H2:3][!#1:4]	-135.001	1.61199	-	-	-	-	O
C40245152      none	B	[a:1][c:2]!@[CX4H1:3][N,O:4]	179.999	1.64318	-	-	-	-	G
C40245152      none	B	[OX2:1][CX4:2]!@[CX4:3][OX2:4]	-36.2671	0.393994	-	-	-	-	O
C12865709      none	B	[$(C=O):1][NX3H1:2]!@[c:3](s)[n:4]	179.998	66.092	-	-	-	-	G
C12865709      none	B	[O:1]=[CX3:2]!@[NX3H1:3][!#1:4]	-0.00558853	63.7893	-	-	-	-	G
C12865709      none	B	[C:1][CX4:2]!@[CX3:3]=[O:4]	86.2054	3.65147	-	-	-	-	G
C12865709      none	B	[$(C=O):1][NX3H0:2]!@[c:3]([cH1])[cH1:4]	-0.00152174	1.75801	-	-	-	-	G
C45958252      none	B	[$(C=O):1][O:2]!@[CH2:3]~[C:4]	180	23.3458	-	-	-	-	G
C45958252      none	B	[O:1]=[C:2]!@[O:3]~[C:4]	-0.00451203	74.4927	-	-	-	-	G
C45958252      none	B	[C:1][CX4:2]!@[CX3:3]=[O:4]	-146.205	1.18876	-	-	-	-	G
C45958252      none	B	[$(C=O):1][NX3H0:2]!@[c:3]([cH1])[cH1:4]	-30.0014	1.1203	-	-	-	-	G
C45958252      none	B	[cH0:1][c:2]([cH,nX2H0])!@[NX3H0:3][CX4:4]	-179.703	4.9564	-	-	-	-	G
C07666242      none	B	[a:1][c:2]!@[CX4H0:3][CX4:4]	-179.731	5.49722	-	-	-	-	G
C07666242      none	B	[a:1][c:2]!@[CX4H2:3][!#1:4]	134.995	1.8443	-	-	-	-	O
C07666242      none	B	[!#1:1][CX4:2]!@[SX2:3][!#1:4]	159.999	2.91722	-	-	-	-	G
C39118688      none	B	[!#1:1][CX4H2:2]!@[CX4H2:3][!#1:4]	180	58.554	-	-	-	-	G
C39118688      none	B	[cH0:1][c:2]!@[CX4H2:3][CX4:4]	90.3237	18.5823	-	-	-	-	G
C19845558      none	B	[aH1:1][c:2]([aH0])!@[SX2:3][*R:4]	-60.054	0.765306	-	-	-	-	O
C19845558      none	B	[aH0:1][c:2]([aH0])!@[SX2:3][!#1:4]	-90.0022	3.32646	-	-	-	-	G
C36153606      none	B	[c:1][c:2]([cH0])!@[c:3][nX2H0:4]	-179.741	10.8852	-	-	-	-	G
C01394113      none	B	[cH1,nX2H0:1][c:2]([cH1,nX2H0])!@[NX3r:3][*:4]	120.301	2.56328	-	-	-	-	O
C26439165      none	-	-	-	-	-	-	-	-	-
C37787370      none	B	[cH0:1][c:2]([cH0])!@[NX3:3][CX4:4]	-139.999	1.16618	-	-	-	-	O
C37787370      none	B	[*:1]~[CX4:2]!@[n:3]~[*:4]	90.0054	3.25743	-	-	-	-	G
C37787370      none	B	[!#1:1][CX4H2:2]!@[NX3H1:3][!#1:4]	180	11.3535	-	-	-	-	G
C37787370      none	B	[cH0:1][c:2]!@[CX4H2:3][N,O,S:4]	90.0002	7.74238	-	-	-	-	G
C62668341      none	B	[!#1:1][CX4H2:2]!@[CX4H2:3][!#1:4]	180	58.554	-	-	-	-	G
C62668341      none	B	[!#1:1][CX4H2:2]!@[NX3H1:3][!#1:4]	90.0063	6.33327	-	-	-	-	G
C62668341      none	B	[a:1][a:2]!@[NX3:3][!#1:4]	-179.682	11.4213	-	-	-	-	G
C61365276      none	B	[a:1][c:2]!@[CX4H1:3][N,O:4]	-89.9996	1.29082	-	-	-	-	G
C61365276      none	B	[C:1][CX4:2]!@[NX3:3][C:4]	120.004	2.89331	-	-	-	-	O
C51925450      none	B	[cH1:1][a:2]([cH0])!@[a:3]([cH1])[cH0:4]	119.968	7.19008	-	-	-	-	G
C42666304      none	B	[!#1:1][CX4H1:2]!@[NX3:3][!#1:4]	179.995	2.80076	-	-	-	-	G
C42666304      none	B	[a:1][c:2]!@[NX3H1:3][$([CX4r]([C;r])([C;r])):4]	-89.7296	0	-	-	-	-	R
C38265428      none	B	[$([c]([NH1,NH2])):1][c:2]!@[CX3:3]([!O])=[O:4]	179.97	1.10497	-	-	-	-	R
C39730414      none	B	[$(C=O):1][NX3H1:2]!@[CX4H0:3][C:4]	60.0111	13.3187	-	-	-	-	G
C39730414      none	B	[O:1]=[CX3:2]!@[NX3H1:3][!#1:4]	-0.00942152	63.7893	-	-	-	-	G
C39730414      none	B	[!#1:1][CX4H2:2]!@[CX3:3]=[O:4]	180	2.94479	-	-	-	-	G
C39730414      none	B	[!#1:1][CX4:2]!@[SX2:3][!#1:4]	-159.996	3.18377	-	-	-	-	G
C39730414      none	B	[!#1:1][CX4:2]!@[SX2:3][!#1:4]	-59.9961	7.13757	-	-	-	-	G
C39730414      none	B	[!#1:1][CX4:2]!@[CX3H0:3][!#1:4]	29.7266	1.49834	-	-	-	-	G
C42154924      none	B	[O-:1][N+:2](=O)!@[c:3]([cH,nX2H0])[cH,nX2H0:4]	179.977	23.2156	-	-	-	-	G
C42154924      none	B	[cH1:1][c:2]([cH1])!@[CX4H2:3][CX4:4]	0.0628955	0.634038	-	-	-	-	R
C42154924      none	B	[!#1:1][CX4H2:2]!@[CX4H2:3][!#1:4]	179.997	58.554	-	-	-	-	G
C42154924      none	B	[!#1:1][CX4:2]!@[SX2:3][!#1:4]	90.0021	2.8728	-	-	-	-	G
C42154924      none	B	[aH0:1][c:2]([aH0])!@[SX2:3][!#1:4]	-29.9993	0.51573	-	-	-	-	O
C42154924      none	B	[*:1]~[CX4:2]!@[n:3]~[*:4]	-141.382	2.60709	-	-	-	-	G
CHEMBL14210      none	B	[cH1:1][c:2]([cH1])!@[CX4H2:3][CX4:4]	-89.9704	11.9355	-	-	-	-	G
CHEMBL14210      none	B	[!#1:1][CX4H2:2]!@[CX4H2:3][!#1:4]	179.998	58.554	-	-	-	-	G
CHEMBL14210      none	B	[!#1:1][CX4:2]!@[CX3H0:3][!#1:4]	-90.2957	2.97335	-	-	-	-	G
C42118723      none	B	[!#1:1][CX4H2:2]!@[CX4H2:3][!#1:4]	179.997	58.554	-	-	-	-	G
C42118723      none	B	[!#1:1][CX4H2:2]!@[CX4H2:3][!#1:4]	180	58.554	-	-	-	-	G
C42118723      none	B	[!#1:1][CX4H2:2]!@[CX4H2:3][!#1:4]	60.0046	3.99483	-	-	-	-	G
C42118723      none	B	[!#1:1][CX4H2:2]!@[CX4H2:3][!#1:4]	180	58.554	-	-	-	-	G
C42118723      none	B	[CX4:1][CX4H2:2]!@[NX3;"N_lp":3][CX4:4]	176.058	5.18593	-	-	-	-	G
C42118723      none	B	[C:1][CX4:2]!@[NX3;"N_lp":3][C:4]	-82.5977	6.10869	-	-	-	-	G
C24517570      none	B	[cH1:1][c:2]([cH1])!@[NX3:3][CX4:4]	89.9917	0.924685	-	-	-	-	O
C24517570      none	B	[!#1:1][CX4H1:2]!@[NX3:3][!#1:4]	0.0154453	0.201415	-	-	-	-	O
C24517570      none	B	[a:1][c:2]!@[CX4H1:3][N,O:4]	29.9979	3.56196	-	-	-	-	G
C24517570      none	B	[c:1][c:2]!@[c:3][s,o,nX3H1:4]	0.551518	17.837	-	-	-	-	G
C39506095      none	-	-	-	-	-	-	-	-	-
C14242766      none	B	[a:1][c:2]!@[CX4H1:3][N,O:4]	-60.0081	3.48172	-	-	-	-	G
C14242766      none	B	[!#1:1][CX4H1:2]!@[NX3:3][!#1:4]	40.0047	0.710397	-	-	-	-	G
C14242766      none	B	[a:1][a:2]!@[NX3:3][!#1:4]	-150	1.91104	-	-	-	-	O
C14242766      none	B	[cH1:1][c:2]([nX2])!@[O:3][C:4]	180	59.0909	-	-	-	-	G
C44595048      none	B	[a:1][c:2]!@[CX4H2:3][!#1:4]	45.0043	2.0463	-	-	-	-	O
C44595048      none	B	[*:1]~[CX4:2]!@[NX4:3]~[*:4]	-79.9968	2.10499	-	-	-	-	G
C44595048      none	B	[*:1]~[CX4:2]!@[NX4:3]~[*:4]	-159.998	2.15596	-	-	-	-	G
C44595048      none	B	[!#1:1][CX4H2:2]!@[CX4H2:3][!#1:4]	179.996	58.554	-	-	-	-	G
C44595048      none	B	[!#1:1][CH2:2]!@[n:3][cH0:4]	-89.999	15.4696	-	-	-	-	G
C04949407      none	B	[$(C=O):1][O:2]!@[CH2:3]~[C:4]	-90.0013	4.43359	-	-	-	-	G
C04949407      none	B	[O:1]=[C:2]([N])!@[O:3]~[C:4]	-0.00419338	57.729	-	-	-	-	G
C04949407      none	B	[O:1]=[CX3:2]!@[NX3H0:3][!#1:4]	-29.709	0.692521	-	-	-	-	O
C04949407      none	B	[cH0:1][c:2]([cH,nX2H0])!@[NX3H0:3][CX4:4]	149.71	2.61588	-	-	-	-	O
C04949407      none	B	[O-:1][N+:2](=O)!@[c:3]([cH,nX2H0])[cH,nX2H0:4]	-179.957	23.2156	-	-	-	-	G
C57557365      none	B	[cH0:1][c:2]([cH1])!@[O:3][C:4]	-59.9996	0.116372	-	-	-	-	R
C57557365      none	B	[C:1][CX4H2:2]!@[OX2:3][c:4]	-120.005	0.315856	-	-	-	-	R
C57557365      none	B	[OX2:1][CX4H2:2]!@[CX4H2:3][Nr:4]	179.995	8.33333	-	-	-	-	G
C57557365      none	B	[$(S(=O)(=O)):1][NX3H0:2]!@[CX4H2:3][!#1:4]	-89.9933	8.83621	-	-	-	-	G
C48675064      none	B	[$(C=O):1][NX3H1:2]!@[c:3](s)[n:4]	180	66.092	-	-	-	-	G
C48675064      none	B	[O:1]=[CX3:2]!@[NX3H1:3][!#1:4]	-0.00205791	63.7893	-	-	-	-	G
C48675064      none	B	[!#1:1][CX4H2:2]!@[CX3:3]=[O:4]	-90.0013	1.11373	-	-	-	-	G
C48675064      none	B	[!#1:1][CX4:2]!@[SX2:3][!#1:4]	160.001	2.91722	-	-	-	-	G
C48675064      none	B	[!#1:1][CX4:2]!@[SX2:3][!#1:4]	-78.8756	6.01214	-	-	-	-	G
C45630262      none	B	[CX3:1]=[CX3:2]!@[CH2:3][!#1:4]	-120.006	9.03499	-	-	-	-	G
C45630262      none	B	[*:1]~[CX4:2]!@[NX4:3]~[*:4]	60	15.3058	-	-	-	-	G
C45630262      none	B	[*:1]~[CX4:2]!@[NX4:3]~[*:4]	180	15.0612	-	-	-	-	G
C45630262      none	B	[!#1:1][CX4:2]!@[CX4:3][!#1:4]	-160.82	1.85018	-	-	-	-	G
C00376533      none	B	[O:1]=[C:2]!@[O:3]~[C:4]	-0.000735777	74.4927	-	-	-	-	G
C00376533      none	B	[NH1:1][CX4:2]!@[CX3:3]=[O:4]	-120.717	0.275693	-	-	-	-	G
C00713272      none	-	-	-	-	-	-	-	-	-
C58044640      none	B	[O:1]=[C:2]!@[O:3]~[C:4]	-0.00271393	74.4927	-	-	-	-	G
C58044640      none	B	[$([cH0](Cl)):1][c:2]([cH1])!@[CX3:3](O)=[O:4]	-59.9977	0	-	-	-	-	R
C58044640      none	B	[cH0:1][c:2]([cH0])!@[c:3][nX2H0:4]	-29.7324	0.694444	-	-	-	-	R
C43414797      none	B	[aH0:1][c:2]!@[OX2:3][!#1:4]	-134.979	0.724906	-	-	-	-	R
C43414797      none	B	[cH1:1][c:2]([cH0])!@[O:3][c:4]	90.2728	4.30108	-	-	-	-	G
C43414797      none	B	[O-:1][N+:2](=O)!@[c:3]([cH0])[cH,nX2H0:4]	90.2603	0.274725	-	-	-	-	O
C49952630      none	B	[!#1:1][CX4H2:2]!@[CX4H2:3][!#1:4]	180	58.554	-	-	-	-	G
C49952630      none	B	[!#1:1][CX4:2]!@[CX4:3][!#1:4]	159.994	1.81259	-	-	-	-	G
C49952630      none	B	[!#1:1][CX4:2]!@[CX4:3][!#1:4]	-163.356	1.85018	-	-	-	-	G
C49952630      none	B	[O:1]=[C:2]([O-])!@[CX4H1:3][H:4]	89.9961	0.86741	-	-	-	-	O
C62835788      none	B	[a:1][c:2]!@[CX4H1:3][H:4]	-0.00250221	6.54616	-	-	-	-	G
C62835788      none	B	[!#1:1][CX4:2]!@[CX4:3][!#1:4]	179.999	22.1548	-	-	-	-	G
C62835788      none	B	[!#1:1][CX4:2]!@[SX2:3][!#1:4]	-39.9994	0.858878	-	-	-	-	O
C62835788      none	B	[!#1:1][CX4:2]!@[SX2:3][!#1:4]	-160.002	3.18377	-	-	-	-	G
C62835788      none	B	[!#1:1][CX4:2]!@[CX4:3][!#1:4]	-48.1571	5.00801	-	-	-	-	G
CHEMBL267399      none	-	-	-	-	-	-	-	-	-
C37491075      none	B	[aH0:1][c:2]([aH0])!@[SX2:3][!#1:4]	-0.00886937	13.1253	-	-	-	-	G
C37491075      none	B	[!#1:1][CX4:2]!@[SX2:3][!#1:4]	-79.995	6.01214	-	-	-	-	G
C54829277      none	B	[a:1][c:2]!@[NX3H1:3][$([CX4r]([C;r])([C;r])):4]	29.9978	0.852273	-	-	-	-	G
C54829277      none	B	[!#1:1][CX4H1:2]!@[NX3:3][!#1:4]	163.2	3.23353	-	-	-	-	G
C54743157      none	B	[C:1][CX4H2:2]!@[OX2:3][c:4]	59.9969	0.147399	-	-	-	-	G
C54743157      none	B	[cH0:1][c:2]([cH1])!@[O:3][C:4]	-119.476	0.327297	-	-	-	-	R
C39111501      none	-	-	-	-	-	-	-	-	-
C43304945      none	B	[cH0:1][c:2]!@[CX4H2:3][N,O,S:4]	-179.833	6.20075	-	-	-	-	G
C43304945      none	B	[$(C=O):1][NX3H0:2]!@[CX4H2:3][!#1:4]	-59.9967	0.579777	-	-	-	-	G
C52297920      none	B	[!#1:1][CX4H1:2]!@[NX3:3][!#1:4]	149.998	2.7681	-	-	-	-	G
C52297920      none	B	[a:1][c:2]!@[NX3H1:3][$([CX4r]([C;r])([C;r])):4]	180	15.9091	-	-	-	-	G
C19883017      none	B	[a:1][c:2]!@[CX4H1:3][N,O:4]	119.999	3.12238	-	-	-	-	G
C19883017      none	B	[*:1]~[CX4:2]!@[NX4:3]~[*:4]	159.992	1.9368	-	-	-	-	G
C19883017      none	B	[*:1]~[CX4:2]!@[NX4:3]~[*:4]	180	15.0612	-	-	-	-	G
C19883017      none	B	[!#1:1][CX4:2]!@[CX4:3][!#1:4]	59.997	12.3771	-	-	-	-	G
C61706247      none	B	[aH1:1][c:2]([aH0])!@[SX2:3][!#1:4]	-29.9965	1.8677	-	-	-	-	O
C61706247      none	B	[cH0:1][c:2]([cH1])!@[CX3:3]([NX3H0])=[O:4]	-60.0029	9.09091	-	-	-	-	G
C61706247      none	B	[O:1]=[CX3:2](a)!@[NX3H0:3][!#1:4]	-149.693	2.19542	-	-	-	-	O
C37180219      none	B	[a:1][c:2]!@[CX4H2:3][!#1:4]	-44.9946	1.62815	-	-	-	-	O
C37180219      none	B	[*:1]~[CX4:2]!@[NX4:3]~[*:4]	59.9976	15.3058	-	-	-	-	G
C37180219      none	B	[*:1]~[CX4:2]!@[NX4:3]~[*:4]	180	15.0612	-	-	-	-	G
C37180219      none	B	[!#1:1][CX4:2]!@[CX4:3][!#1:4]	-82.5025	1.71775	-	-	-	-	G
C39108900      none	B	[*:1]~[cX3:2]!@[NX2:3]~[*:4]	120.006	1.45599	-	-	-	-	O
C03163550      none	B	[aH0:1][c:2]([aH0])!@[SX2:3][!#1:4]	-60.0055	1.39247	-	-	-	-	G
C03163550      none	B	[*:1]~[N,n:2]!@[S:3]~[*:4]	75.7851	3.66291	-	-	-	-	G
C38595219      none	-	-	-	-	-	-	-	-	-
C57942916      none	B	[cH0:1][c:2]!@[CX4H2:3][CX4:4]	135.336	0.329114	-	-	-	-	R
C57942916      none	B	[c:1][c:2]!@[c:3]([cH0])[nX2H0:4]	-59.7571	1.82507	-	-	-	-	G
C57942916      none	B	[a:1][a:2]!@[NX3:3][!#1:4]	-29.7264	1.93298	-	-	-	-	O
C47965636      none	B	[cH0:1][c:2]!@[CX4H1:3][CX4:4]	119.998	7.01281	-	-	-	-	G
C47965636      none	B	[a:1][a:2]!@[CX3:3]=[O:4]	30.0046	2.37961	-	-	-	-	G
C47965636      none	B	[c:1][c:2]!@[c:3][s,o,nX3H1:4]	-59.4141	0.590378	-	-	-	-	O
C47965636      none	B	[O:1]=[C:2]!@[O:3]~[C:4]	-0.00196016	74.4927	-	-	-	-	G
C41062363      none	B	[n,o,s:1][c:2]!@[CX4H2:3][CX4:4]	-89.9994	5.3104	-	-	-	-	G
C41062363      none	B	[a:1][c:2]!@[CX4H1:3][N,O:4]	0.086284	1.53503	-	-	-	-	G
C65575860      none	B	[!#1:1][CH2:2]!@[n:3][cH0:4]	135.004	0.318742	-	-	-	-	R
C65575860      none	B	[!#1:1][CX4H2:2]!@[CX3:3]=[O:4]	60.0034	1.20812	-	-	-	-	G
C65575860      none	B	[O:1]=[CX3:2]!@[NX3H1:3][!#1:4]	-0.00172212	63.7893	-	-	-	-	G
C65575860      none	B	[$([CX3]=O):1][NX3H1:2]!@[CX4H2:3][C:4] 	179.998	6.46594	-	-	-	-	G
C65575860      none	B	[!#1:1][CX4:2]!@[CX4:3][!#1:4]	-62.8156	12.2558	-	-	-	-	G
C17174848      none	-	-	-	-	-	-	-	-	-
C23862348      none	B	[cH1:1][c:2]([cH0])!@[O:3][S:4]	60.0034	2.57732	-	-	-	-	G
C23862348      none	B	[*:1]~[OX2:2]!@[SX4:3]~[*:4]	-79.9982	4.57103	-	-	-	-	G
C23862348      none	B	[aH0:1][c:2]([aH1])!@[SX4:3][!#1:4]	-70.2811	15.3236	-	-	-	-	G
CHEMBL274029      none	B	[cH1:1][c:2]([cH1])!@[O:3][C:4]	179.995	26.896	-	-	-	-	G
C24814945      none	B	[O:1]=[CX3:2]!@[CX4H1r3:3][H:4]	-119.994	1.16667	-	-	-	-	O
C24814945      none	B	[O:1]=[CX3:2]!@[NX3H1:3][!#1:4]	-0.0063285	63.7893	-	-	-	-	G
C24814945      none	B	[$([CX3]=O):1][NX3H1:2]!@[CX4H2:3][C:4] 	120.004	2.76407	-	-	-	-	O
C24814945      none	B	[!#1:1][CX4:2]!@[CX4:3][!#1:4]	-43.8853	0.976141	-	-	-	-	G
C24814945      none	B	[cH1,nX2H0:1][c:2]([cH1,nX2H0])!@[NX3r:3][*:4]	-0.0109027	5.93199	-	-	-	-	G
C25282877      none	B	[!#1:1][CH2:2]!@[n:3][cH0:4]	-135.006	0.148746	-	-	-	-	R
C25282877      none	B	[cH1:1][a:2]([cH1])!@[a:3]([sX2,o,nX2H0,nX3H1:4])	150.463	3.04764	-	-	-	-	G
C25282877      none	B	[$(C=O):1][NX3H1:2]!@[c:3]([cH1])[cH1:4]	-149.719	5.07451	-	-	-	-	G
C25282877      none	B	[O:1]=[CX3:2]!@[NX3H1:3][!#1:4]	0.0137553	63.7893	-	-	-	-	G
C25282877      none	B	[C:1][CX4:2]!@[CX3:3]=[O:4]	27.6741	3.28614	-	-	-	-	G
C00387975      none	B	[n,o,s:1][c:2]!@[CX4H2:3][CX4:4]	45.0038	2.99177	-	-	-	-	O
C00387975      none	B	[aH1:1][c:2]([aH0])!@[SX2:3][!#1:4]	119.975	1.24514	-	-	-	-	O
C06187759      none	-	-	-	-	-	-	-	-	-
C19783085      none	B	[C:1][CX4:2]!@[CX3:3]=[O:4]	180	0.827213	-	-	-	-	G
C19783085      none	B	[O:1]=[CX3:2]!@[NX3H1:3][!#1:4]	-0.0111666	63.7893	-	-	-	-	G
C19783085      none	B	[$([CX3]=O):1][NX3H1:2]!@[CX4H2:3][C:4] 	150.007	1.43139	-	-	-	-	O
C19783085      none	B	[!#1:1][CX4H2:2]!@[CX4H2:3][!#1:4]	180	58.554	-	-	-	-	G
C19783085      none	B	[!#1:1][CX4H2:2]!@[CX4H2:3][!#1:4]	-60.0029	3.77933	-	-	-	-	G
C04937057      none	B	[$([C](=O)):1][NX3H1:2]!@[$([a]([nH0,o])):3][cH1:4]	-29.9855	3.65591	-	-	-	-	O
C04937057      none	B	[O:1]=[CX3:2]!@[NX3H1:3][!#1:4]	-0.00276072	63.7893	-	-	-	-	G
C04937057      none	B	[O:1]=[CX3:2]!@[CX4H1r3:3][H:4]	90.0065	0.166667	-	-	-	-	R
C48606346      none	B	[a:1][c:2]!@[CX4H2:3][a:4]	-89.992	5.18797	-	-	-	-	G
C48606346      none	B	[a:1][c:2]!@[CX4H2:3][a:4]	-134.732	2.23684	-	-	-	-	O
C20177777      none	B	[C:1][CX4:2]!@[NX3;"N_lp":3][C:4]	176.059	5.71656	-	-	-	-	G
C20177777      none	B	[C:1][CX4:2]!@[NX3;"N_lp":3][C:4]	148.624	3.08805	-	-	-	-	G
C40727664      none	B	[aH0:1][c:2]!@[OX2:3][!#1:4]	0.0126588	2.68047	-	-	-	-	G
C40727664      none	B	[cH1:1][c:2]([cH0])!@[O:3][c:4]	90.2634	4.30108	-	-	-	-	G
C37353542      none	B	[!#1:1][CX4H2:2]!@[CX4H2:3][!#1:4]	180	58.554	-	-	-	-	G
C37353542      none	B	[!#1:1][CX4:2]!@[SX2:3][!#1:4]	180	11.1654	-	-	-	-	G
C37353542      none	B	[!#1:1][CX4:2]!@[SX2:3][!#1:4]	-80.0004	6.01214	-	-	-	-	G
C37353542      none	B	[!#1:1][CX4H2:2]!@[CX3:3]=[O:4]	0.00340603	19.1789	-	-	-	-	G
C37353542      none	B	[$([cH0]!@[*^2]):1][c:2]([cH1])!@[CX3:3]=[O:4]	180	12.7363	-	-	-	-	G
C37353542      none	B	[$([cH0]([CX3])):1][c:2]([cH1])!@[O:3][C:4]	180	49.7106	-	-	-	-	G
C06588989      none	B	[c:1][c:2]!@[c:3][s,o,nX3H1:4]	0.00552361	17.837	-	-	-	-	G
C06588989      none	B	[a:1][c:2]!@[CX4H2:3][a:4]	135	1.80451	-	-	-	-	O
C06588989      none	B	[!#1:1][CH2:2]!@[n:3][cH0:4]	-179.718	0.148746	-	-	-	-	R
C62554375      none	B	[$([CX3]=O):1][NX3H0:2](C)!@[CX4H2:3][C:4]	90.0044	14.7513	-	-	-	-	G
C62554375      none	B	[$([CX3]=O):1][NX3H0:2](C)!@[CX4H2:3][C:4]	89.9957	14.7513	-	-	-	-	G
C62554375      none	B	[O:1]=[CX3:2]!@[NX3H0:3][!#1:4]	-30.0064	0.692521	-	-	-	-	O
C62554375      none	B	[O:1]=[CX3:2]!@[NX3H1:3][!#1:4]	0.0150261	63.7893	-	-	-	-	G
C62554375      none	B	[$(C=O):1][NX3H1:2]!@[c:3]([cH1])[cH1:4]	-30.0049	5.05437	-	-	-	-	G
C62554375      none	B	[cH1,nX2H0:1][c:2]([cH1,nX2H0])!@[NX3r:3][*:4]	-59.7232	2.69113	-	-	-	-	O
C32011825      none	B	[cH1:1][c:2]([cH1])!@[CX4H2:3][CX4:4]	90.0041	11.713	-	-	-	-	G
C32011825      none	B	[a:1][c:2]!@[CX4H0:3][CX4:4]	179.998	5.49722	-	-	-	-	G
C32011825      none	B	[OX2:1][CX4:2]!@[CX4:3][N:4]	59.9942	15.2809	-	-	-	-	G
C32011825      none	B	[*:1]~[CX4:2]!@[NX4:3]~[*:4]	60.0044	15.3058	-	-	-	-	G
C32011825      none	B	[*:1]~[CX4:2]!@[NX4:3]~[*:4]	179.999	15.0612	-	-	-	-	G
C38127546      none	B	[cH0:1][c:2]!@[CX4H1:3][CX4:4]	-89.9993	3.91099	-	-	-	-	G
C38127546      none	B	[!#1:1][CX4:2]!@[CX4:3][!#1:4]	160.001	1.81259	-	-	-	-	G
C38127546      none	B	[cH1:1][c:2]([cH1])!@[CX4H2:3][CX4:4]	90.2725	11.713	-	-	-	-	G
C57709557      none	B	[aH1:1][c:2]([aH1])!@[SX4:3][!#1:4]	-89.998	12.5987	-	-	-	-	G
C57709557      none	B	[O-:1][N+:2](=O)!@[c:3]([cH0])[cH,nX2H0:4]	90.2077	0.274725	-	-	-	-	O
C57709557      none	B	[*:1]~[OX2:2]!@[SX4:3]~[*:4]	-159.998	2.64885	-	-	-	-	G
C57709557      none	B	[C:1][CX4H2:2]!@[OX2:3][!#1:4]	-80.0024	3.30412	-	-	-	-	G
C24052754      none	B	[cH1,nX2H0:1][c:2]([cH1,nX2H0])!@[NX3r:3][*:4]	150.286	1.71312	-	-	-	-	O
C24052754      none	B	[cH1,nX2H0:1][c:2]([cH1,nX2H0])!@[NX3r:3][*:4]	30.0002	2.135	-	-	-	-	O
C40396757      none	B	[N:1][CX4:2]!@[CX3:3]=[O:4]	143.891	5.93257	-	-	-	-	G
C40396757      none	B	[O:1]=[C:2]!@[O:3]~[C:4]	-29.9987	0.0890388	-	-	-	-	R
C40396757      none	B	[$(C=O):1][O:2]!@[CH2:3]~[C:4]	150.002	2.20243	-	-	-	-	G
C40396757      none	B	[!#1:1][CX4:2]!@[CX4:3][!#1:4]	91.3773	0.504518	-	-	-	-	O
C37555674      none	B	[!#1:1][CX4H2:2]!@[CX4H2:3][!#1:4]	179.991	58.554	-	-	-	-	G
C37555674      none	B	[$(S(=O)(=O)):1][NX3H0:2]!@[CX4H2:3][!#1:4]	-150	6.03448	-	-	-	-	G
C37555674      none	B	[c:1][$(S(=O)=O):2]!@[NX3H0:3][C:4]	90.0074	4.81691	-	-	-	-	G
C37555674      none	B	[aH0:1][c:2]([aH0])!@[SX4:3][!#1:4]	-60.0014	1.81564	-	-	-	-	G
C43635228      none	B	[cH0:1][c:2]!@[CX4H2:3][CX4:4]	180	4.40506	-	-	-	-	R
C43635228      none	B	[*:1]~[CX4:2]!@[NX4:3]~[*:4]	-60.003	15.3415	-	-	-	-	G
C62820678      none	B	[n,o,s:1][c:2]!@[CX4H2:3][CX4:4]	-44.6987	0.972326	-	-	-	-	O
C62820678      none	B	[a:1][c:2]!@[CX4H2:3][!#1:4]	180	2.35335	-	-	-	-	O
C41045935      none	B	[cH0:1][c:2]([cH1])!@[O:3][C:4]	-120.004	0.327297	-	-	-	-	R
C41045935      none	B	[C:1][CX4H2:2]!@[OX2:3][c:4]	120.005	0.336913	-	-	-	-	R
C41045935      none	B	[!#1:1][CX4:2]!@[CX4:3][!#1:4]	-62.886	12.2558	-	-	-	-	G
CHEMBL488074      none	B	[cH0:1][c:2]([cH1])!@[O:3][C:4]	180	48.7454	-	-	-	-	G
CHEMBL488074      none	B	[C:1][CX4H2:2]!@[OX2:3][c:4]	180	43.8829	-	-	-	-	G
CHEMBL488074      none	B	[CX3:1]=[CX3:2]!@[CH2:3][OX2:4]	120.002	6.41221	-	-	-	-	G
C38040351      none	B	[!#1:1][CX4:2]!@[CX4:3][!#1:4]	60.0038	12.3771	-	-	-	-	G
C38040351      none	B	[!#1:1][CX4H0:2]!@[OX2:3][!#1:4]	-90.0023	0.255135	-	-	-	-	R
C38040351      none	B	[cH0:1][c:2]([cH0])!@[O:3][CX4H0:4]	90.0049	19.4444	-	-	-	-	G
C19994001      none	B	[a:1][c:2]!@[C:3]([NH0])=[O:4]	119.997	4.19444	-	-	-	-	G
C19994001      none	B	[O:1]=[CX3:2](a)!@[NX3H0:3][!#1:4]	-29.731	1.17502	-	-	-	-	O
C19994001      none	B	[cH1,nX2H0:1][c:2]([cH1,nX2H0])!@[NX3r:3][*:4]	-29.9942	1.80261	-	-	-	-	O
C19994001      none	B	[O-:1][N+:2](=O)!@[c:3]([cH,nX2H0])[cH,nX2H0:4]	179.961	23.2156	-	-	-	-	G
C05227625      none	B	[!#1:1][CX4:2]!@[CX4:3][!#1:4]	-60.0047	12.2558	-	-	-	-	G
C50870362      none	B	[cH0:1][c:2]([cH0])!@[NX3:3][CX4:4]	90.003	8.35763	-	-	-	-	G
C35603980      none	B	[n,o,s:1][c:2]!@[CX4H2:3][CX4:4]	-90.0052	5.3104	-	-	-	-	G
C35603980      none	B	[a:1][c:2]!@[CX4H2:3][!#1:4]	-0.00159996	2.24426	-	-	-	-	O
C35603980      none	B	[*:1]~[CX4:2]!@[NX4:3]~[*:4]	60.0034	15.3058	-	-	-	-	G
C35603980      none	B	[*:1]~[CX4:2]!@[NX4:3]~[*:4]	-40.0037	2.20693	-	-	-	-	G
C35603980      none	B	[OX2:1][CX4:2]!@[CX4:3][N:4]	40.0049	1.66292	-	-	-	-	G
C52884612      none	B	[cH0:1][a:2]([cH1])!@[a:3]([sX2,o,nX2H0,nX3H1:4])([cH1])	-29.7365	3.80228	-	-	-	-	G
C52884612      none	B	[cH0:1][c:2]!@[CX4H1:3][CX4:4]	179.997	0.512475	-	-	-	-	G
CHEMBL221333      none	B	[$([CX3]=O):1][NX3H0:2](C)!@[CX4H2:3][C:4]	-89.9999	15.9949	-	-	-	-	G
CHEMBL221333      none	B	[O:1]=[CX3:2](a)!@[NX3H0:3][!#1:4]	179.995	9.67842	-	-	-	-	G
CHEMBL221333      none	B	[!#1:1][CX4H2:2]!@[CX4H2:3][!#1:4]	179.999	58.554	-	-	-	-	G
CHEMBL221333      none	B	[cH1:1][c:2]([cH1])!@[CX4H2:3][CX4:4]	-149.73	0.411568	-	-	-	-	R
CHEMBL221333      none	B	[a:1][c:2]!@[C:3]([NH0])=[O:4]	120.31	4.19444	-	-	-	-	G
C00967258      none	-	-	-	-	-	-	-	-	-
C66607602      none	B	[O:1]=[C:2]!@[NX3H0:3]([a:4])[A]	-149.997	3.17023	-	-	-	-	G
C66607602      none	B	[$(C=O):1][NX3H0:2]!@[c:3]([s,o])[n:4]	0.323565	0	-	-	-	-	G
C66607602      none	B	[$(C=O):1][NX3H0:2]!@[CX4H1:3][H:4]	-94.3166	0.12605	-	-	-	-	R
C66607602      none	B	[aH0:1][c:2]([aH0])!@[SX2:3][!#1:4]	150.005	0.567303	-	-	-	-	O
C66607602      none	B	[!#1:1][CX4:2]!@[SX2:3][!#1:4]	-159.998	3.18377	-	-	-	-	G
C66607602      none	B	[a:1][c:2]!@[CX4H2:3][!#1:4]	-44.6854	1.62815	-	-	-	-	O
C37149241      none	B	[cH1:1][c:2]([cH1])!@[O:3][c:4]	89.9384	3.67985	-	-	-	-	G
C37149241      none	B	[cH1:1][c:2]([cH1])!@[O:3][c:4]	-179.781	4.27783	-	-	-	-	G
C37149241      none	B	[cH1,n:1][c:2]!@[O:3][CRH1:4]	60.005	0.203252	-	-	-	-	R
C37149241      none	B	[H:1][CX4H1:2]!@[OX2:3][!#1:4]	0.00170553	7.47259	-	-	-	-	G
C52903698      none	B	[a:1][c:2]!@[NX3H1:3][$([CX4r]([C;r])([C;r])):4]	-89.9838	0	-	-	-	-	R
C52903698      none	B	[!#1:1][CX4H1:2]!@[NX3:3][!#1:4]	60.7489	5.65868	-	-	-	-	G
C32863645      none	B	[n,o,s:1][c:2]!@[CX4H2:3][CX4:4]	0.31227	6.43231	-	-	-	-	G
C32863645      none	B	[a:1][c:2]!@[CX4H2:3][!#1:4]	0.00317434	2.24426	-	-	-	-	O
C32863645      none	B	[*:1]~[CX4:2]!@[NX4:3]~[*:4]	163.615	1.9368	-	-	-	-	G
C36683565      none	B	[*:1]~[CX4:2]!@[NX4:3]~[*:4]	174.46	5.70846	-	-	-	-	G
C00477106      none	B	[cH0:1][c:2]([nX2])!@[O:3][C:4]	89.9907	0.573066	-	-	-	-	R
C00477106      none	B	[aH0:1][c:2]([aH0])!@[SX2:3][!#1:4]	30.003	0.412584	-	-	-	-	O
C02530824      none	B	[$(C=O):1][O:2]!@[CH2:3]~[C:4]	180	23.3458	-	-	-	-	G
C02530824      none	B	[O:1]=[C:2]!@[O:3]~[C:4]	-0.00855228	74.4927	-	-	-	-	G
C02530824      none	B	[C:1][CX4:2]!@[CX3:3]=[O:4]	-60.0064	2.40592	-	-	-	-	G
C14588476      none	B	[!#1:1][CX4:2]!@[CX4:3][!#1:4]	179.996	22.1548	-	-	-	-	G
C14588476      none	B	[!#1:1][CX4:2]!@[CX4:3][!#1:4]	180	22.1548	-	-	-	-	G
C44180519      none	B	[*:1]~[CX4:2]!@[n:3]~[*:4]	-120.001	3.09532	-	-	-	-	G
C20217319      none	B	[!#1:1][CX4:2]!@[CX4:3][!#1:4]	59.9986	12.3771	-	-	-	-	G
C20217319      none	B	[*:1]~[CX4:2]!@[n:3]~[*:4]	120.001	3.12393	-	-	-	-	G
C01813573      none	B	[!#1:1][CX4H2:2]!@[CX4H2:3][!#1:4]	60.007	3.99483	-	-	-	-	G
C01813573      none	B	[!#1:1][CX4H2:2]!@[CX4H2:3][!#1:4]	180	58.554	-	-	-	-	G
C01813573      none	B	[!#1:1][CX4H2:2]!@[CX4H2:3][!#1:4]	-60.0067	3.77933	-	-	-	-	G
C01813573      none	B	[!#1:1][CX4H2:2]!@[CX4H2:3][!#1:4]	180	58.554	-	-	-	-	G
C01813573      none	B	[CX3:1]=[CX3:2]!@[CH2:3][C:4]	180	0.950764	-	-	-	-	O
C52902753      none	B	[cH1:1][c:2]([cH1])!@[CX3:3]=[O:4]	180	13.4921	-	-	-	-	G
C52902753      none	B	[O-:1][N+:2](=O)!@[c:3]([cH0])[cH,nX2H0:4]	90.2848	0.274725	-	-	-	-	O
C52902753      none	B	[c:1][CX4:2]!@[CX3:3]=[O:4]	-0.00805011	3.87742	-	-	-	-	G
C52902753      none	B	[a:1][c:2]!@[CX4H1:3][H:4]	-30.011	3.94031	-	-	-	-	G
C41043376      none	B	[a:1][a:2]!@[NX3:3][!#1:4]	-119.731	1.58818	-	-	-	-	O
C37429385      none	B	[cH1:1][c:2]([cH0])!@[O:3][c:4]	-0.00143895	9.46237	-	-	-	-	G
C37429385      none	B	[cH1:1][c:2]([cH0])!@[O:3][c:4]	-59.7115	3.44086	-	-	-	-	G
CHEMBL17078      none	B	[a:1][c:2]!@[CX4H2:3][!#1:4]	90.0221	7.24386	-	-	-	-	G
CHEMBL17078      none	B	[c:1][CX4H2:2]!@[OX2:3][c:4]	-119.912	0.172563	-	-	-	-	R
CHEMBL17078      none	B	[cH1:1][c:2]([cH1])!@[O:3][C:4]	-89.8037	0.464773	-	-	-	-	R
CHEMBL17078      none	B	[cH1:1][c:2]([cH1])!@[CX3:3]=[NX2:4]	0.265323	14.4225	-	-	-	-	G
CHEMBL17078      none	B	[$(C=O):1][NX3H0:2]!@[CX4H2:3][!#1:4]	89.9831	13.8915	-	-	-	-	G
CHEMBL17078      none	B	[!#1:1][CX4H2:2]!@[CX4H2:3][!#1:4]	180	58.554	-	-	-	-	G
C00393016      none	-	-	-	-	-	-	-	-	-
C19882970      none	B	[!#1:1][CX4:2]!@[CX4:3][!#1:4]	60.0041	12.3771	-	-	-	-	G
C19882970      none	B	[*:1]~[CX4:2]!@[NX4:3]~[*:4]	59.9994	15.3058	-	-	-	-	G
C19882970      none	B	[*:1]~[CX4:2]!@[NX4:3]~[*:4]	179.998	15.0612	-	-	-	-	G
C19882970      none	B	[a:1][c:2]!@[CX4H2:3][!#1:4]	-44.7033	1.62815	-	-	-	-	O
C37061869      none	B	[O-:1][N+:2](=O)!@[c:3]([cH,nX2H0])[cH,nX2H0:4]	179.978	23.2156	-	-	-	-	G
C37061869      none	B	[cH0:1][c:2]([cH,nX2H0])!@[NX3H1:3][CX4:4]	89.9999	0	-	-	-	-	R
C37061869      none	B	[!#1:1][CX4H1:2]!@[NX3:3][!#1:4]	80.5265	3.82417	-	-	-	-	G
CHEMBL18832      none	B	[cH1:1][c:2]([cH1])!@[O:3][C:4]	-90.0016	0.464773	-	-	-	-	R
CHEMBL18832      none	B	[c:1][CX4H2:2]!@[OX2:3][c:4]	120.008	0.172563	-	-	-	-	R
CHEMBL18832      none	B	[a:1][c:2]!@[CX4H2:3][!#1:4]	45.3223	2.0463	-	-	-	-	O
C61708296      none	B	[CX3:1]=[CX3:2]!@[CH2:3][!#1:4]	59.9936	0.148462	-	-	-	-	R
C61708296      none	B	[*:1]~[CX4:2]!@[NX4:3]~[*:4]	-85.1995	0.698267	-	-	-	-	O
C51169371      none	B	[n,o,s:1][c:2]!@[CX4H2:3][CX4:4]	-29.998	1.04712	-	-	-	-	O
C51169371      none	B	[a:1][a:2]!@[NX3:3][!#1:4]	-59.9975	1.73028	-	-	-	-	O
C55303383      none	B	[cH0:1][c:2]!@[CX4H1:3][CX4:4]	180	0.512475	-	-	-	-	G
C55303383      none	B	[OX2:1][CX4:2]!@[CX4:3][OX2:4]	59.8678	14.3222	-	-	-	-	G
C24206125      none	-	-	-	-	-	-	-	-	-
C58897403      none	B	[nX2r6:1][cH0r6:2]([cH1r6])!@[CX4H2:3][O!H:4]	-89.9985	1.35135	-	-	-	-	G
C58897403      none	B	[c:1][CX4H2:2]!@[OX2:3][C:4]	180	23.858	-	-	-	-	G
C58897403      none	B	[O:1]=[C:2]!@[O:3]~[C:4]	-0.00512951	74.4927	-	-	-	-	G
C58897403      none	B	[O:1][CX4:2]!@[CX3:3]=[O:4]	-59.99	0.530348	-	-	-	-	O
C58897403      none	B	[C:1][CH2:2]!@[O:3][CX4:4]	79.9952	1.71561	-	-	-	-	G
C58897403      none	B	[C:1][CH2:2]!@[O:3][CX4:4]	80.0014	1.71561	-	-	-	-	G
C58897403      none	B	[!#1:1][CX4:2]!@[CX4:3][!#1:4]	-111.376	0.0892838	-	-	-	-	R
C67172321      none	B	[a:1][a:2]!@[CX3:3]=[CX3H2:4]	-59.7333	1.53584	-	-	-	-	O
C34939711      none	B	[a:1][c:2]!@[CX4H1:3][H:4]	94.3068	0.477016	-	-	-	-	O
C54714648      none	B	[!#1:1][CX4:2]!@[CX4:3][!#1:4]	-80.0002	1.71775	-	-	-	-	G
C54714648      none	B	[C:1][CX4:2]!@[CX3:3]=[O:4]	-0.00599845	5.61823	-	-	-	-	G
C54714648      none	B	[O:1]=[CX3:2]!@[NX3H0:3][!#1:4]	-29.7169	0.692521	-	-	-	-	O
C54714648      none	B	[O:1]=[CX3:2]!@[NX3H0:3][!#1:4]	179.996	18.2537	-	-	-	-	G
C54714648      none	B	[C:1][CX4H2:2]!@[CX3:3]=[O:4]	0.00452257	18.7883	-	-	-	-	G
C54714648      none	B	[!#1:1][CX4:2]!@[CX4:3][!#1:4]	60.002	12.3771	-	-	-	-	G
C34516209      none	B	[C:1][CX4:2]!@[CX3:3][C:4]	59.9776	7.72028	-	-	-	-	G
C44257473      none	B	[a:1][c:2]!@[CX4H1:3][N,O:4]	11.0604	1.73388	-	-	-	-	G
C49454379      none	B	[cH1:1][a:2]([cH1])!@[a:3]([sX2,o,nX2H0,nX3H1:4])([cH1])	-0.00435423	11.7616	-	-	-	-	G
C49454379      none	B	[a:1][a:2]!@[CX3:3]=[CX3H1:4]	-29.7408	2.14556	-	-	-	-	G
C49454379      none	B	[*:1]~[CX4:2]!@[NX4:3]~[*:4]	179.999	15.0612	-	-	-	-	G
C49454379      none	B	[NH1:1][CX4:2]!@[CX3:3]=[O:4]	-90.0063	0.352274	-	-	-	-	R
C51665439      none	B	[!#1:1][CX4:2]!@[CX4:3][!#1:4]	-59.9935	12.2558	-	-	-	-	G
C51665439      none	B	[!#1:1][CX4:2]!@[CX4:3][!#1:4]	179.998	22.1548	-	-	-	-	G
C51665439      none	B	[*:1]~[CX4:2]!@[NX4:3]~[*:4]	179.994	15.0612	-	-	-	-	G
C54715749      none	B	[!#1:1][CX4:2]!@[CX4:3][!#1:4]	160.003	1.81259	-	-	-	-	G
C54715749      none	B	[C:1][CX4:2]!@[CX3:3]=[O:4]	120.005	3.75937	-	-	-	-	G
C54715749      none	B	[O:1]=[CX3:2]!@[NX3H1:3][!#1:4]	-0.0151809	63.7893	-	-	-	-	G
C54715749      none	B	[$([CX3]=O):1][NX3H1:2]!@[CX4H2:3][C:4] 	-149.992	1.7769	-	-	-	-	O
C54715749      none	B	[!#1:1][CX4:2]!@[CX4:3][!#1:4]	160.43	1.81259	-	-	-	-	G
C39058744      none	B	[O:1]=[C:2]!@[O:3]~[C:4]	-0.00717884	74.4927	-	-	-	-	G
C39058744      none	B	[O:1]=[CX3:2]!@[CX4r3:3]!@[!#1:4]	-115.743	3.41463	-	-	-	-	G
CHEMBL441306      none	B	[C:1][CX4H2:2]!@[NX3:3][C:4]	29.9998	0.00637024	-	-	-	-	R
CHEMBL441306      none	B	[*:1]~[CX3:2]!@[cX3:3]~[*:4]	120.31	1.24319	-	-	-	-	O
C36916526      none	B	[cH0:1][c:2]!@[CX4H2:3][CX4:4]	-89.6893	18.481	-	-	-	-	G
C36916526      none	B	[cH0:1][c:2]!@[CX4H1:3][CX4:4]	-154.337	2.93999	-	-	-	-	G
C62520026      none	-	-	-	-	-	-	-	-	-
C07849597      none	B	[cH0:1][c:2]([cH1])!@[O:3][C:4]	89.9952	0.6255	-	-	-	-	R
C07849597      none	B	[*:1]~[cX3:2]!@[NX2:3]~[*:4]	120.002	1.45599	-	-	-	-	O
C07849597      none	B	[*:1]~[CX3:2]!@[cX3:3]~[*:4]	-149.727	2.34159	-	-	-	-	O
C43560457      none	B	[a:1][c:2]!@[CX4H1:3][a:4]	-60.01	3.71511	-	-	-	-	G
C43560457      none	B	[a:1][c:2]!@[CX4H1:3][a:4]	60.0041	3.33975	-	-	-	-	G
C43560457      none	B	[c:1][c:2]([cH0])!@[c:3][nX2H0:4]	120.281	2.09836	-	-	-	-	O
C08376656      none	B	[cH0:1][c:2]([cH0])!@[C:3](=[N:4])	179.999	14.8545	-	-	-	-	G
C51960369      none	B	[cH0:1][c:2]!@[CX4H1:3][N,O,S:4]	-30.0118	1.6003	-	-	-	-	G
C51960369      none	B	[C:1][CX4:2]!@[NX3;"N_lp":3][C:4]	60.0099	6.93585	-	-	-	-	G
C51960369      none	B	[C:1][CX4H2:2]!@[NX3;"N_lp":3][C:4]	179.999	4.47552	-	-	-	-	G
C51960369      none	B	[CX3:1]=[CX3:2]!@[CH2:3][!#1:4]	119.996	8.78049	-	-	-	-	G
C58140929      none	B	[!#1:1][CX4:2]!@[SX4:3][!#1:4]	-172.266	7.34737	-	-	-	-	G
C58140929      none	B	[*:1][$(S(=O)=O):2]!@[NX3H0r:3][*:4]	120.32	1.23223	-	-	-	-	O
C58140929      none	B	[a:1][c:2]!@[CX4H1:3][N,O:4]	29.9933	3.56196	-	-	-	-	G
C58140929      none	B	[a:1][c:2]!@[CX4H1:3][N,O:4]	-120.002	3.08052	-	-	-	-	G
C41204076      none	B	[n,o,s:1][c:2]!@[CX4H2:3][CX4:4]	89.9998	4.03889	-	-	-	-	G
C41204076      none	B	[a:1][c:2]!@[CX4H1:3][N,O:4]	30.0052	3.56196	-	-	-	-	G
C41204076      none	B	[!#1:1][CX4H1:2]!@[NX3:3][!#1:4]	-119.998	4.10724	-	-	-	-	O
C41204076      none	B	[cH1:1][c:2]([cH1])!@[NX3:3][CX4:4]	-119.998	1.0788	-	-	-	-	O
C41204076      none	B	[a:1][ar6:2]!@[ar5:3][a:4]	-179.697	7.27752	-	-	-	-	G
C39289787      none	B	[!#1:1][CX4:2]!@[CX4:3][!#1:4]	179.996	22.1548	-	-	-	-	G
C39289787      none	B	[C:1][CX4:2]!@[CX3:3]=[O:4]	90.0033	3.65147	-	-	-	-	G
C39289787      none	B	[C:1][CX4H2:2]!@[CX3:3]=[O:4]	-30	4.17149	-	-	-	-	G
C39289787      none	B	[O:1]=[C:2]!@[O:3]~[C:4]	-0.0134312	74.4927	-	-	-	-	G
C39289787      none	B	[s:1][c:2]([aX2,cH1])!@[CX3:3]=[O:4]	-119.992	0	-	-	-	-	R
C39289787      none	B	[O-:1][N+:2](=O)!@[c:3]([cH0])[cH,nX2H0:4]	90.0267	0.274725	-	-	-	-	O
C41702166      none	-	-	-	-	-	-	-	-	-
C37745303      none	B	[!#1:1][CX4:2]!@[CX4:3][!#1:4]	59.995	12.3771	-	-	-	-	G
C37745303      none	B	[cH0:1][c:2]!@[CX4H1:3][CX4:4]	179.724	0.512475	-	-	-	-	G
C49546584      none	B	[!#1:1][CX4H2:2]!@[CX4H2:3][!#1:4]	180	58.554	-	-	-	-	G
C49546584      none	B	[!#1:1][CX4:2]!@[CX4:3][!#1:4]	-159.995	1.85018	-	-	-	-	G
C49546584      none	B	[C:1][CX4:2]!@[NX3:3][C:4]	-90.0022	4.74684	-	-	-	-	G
C37696799      none	B	[cH1,n:1][c:2]!@[O:3][CRH1:4]	-59.9899	0.609756	-	-	-	-	R
C37696799      none	B	[H:1][CX4H1:2]!@[OX2:3][!#1:4]	59.9886	2.10701	-	-	-	-	G
C39113900      none	-	-	-	-	-	-	-	-	-
C03304720      none	B	[N:1][CX4:2]!@[CX3:3]=[O:4]	119.989	0.766617	-	-	-	-	O
C03304720      none	B	[O:1]=[C:2]!@[O:3]~[C:4]	0.00736708	74.4927	-	-	-	-	G
C03304720      none	B	[$(C=O):1][O:2]!@[CH2:3]~[C:4]	60.0019	0.00957579	-	-	-	-	R
C03304720      none	B	[O:1][CX4:2]!@[CX3:3]=[O:4]	29.9934	2.80888	-	-	-	-	G
C03304720      none	B	[s:1][c:2]([aX2,cH1])!@[CX3:3]=[O:4]	120.005	0	-	-	-	-	R
C58481603      none	B	[!#1:1][CX4:2]!@[SX2:3][!#1:4]	150.001	1.40678	-	-	-	-	G
C58481603      none	B	[aH0:1][c:2]([aH0])!@[SX2:3][!#1:4]	60.0039	2.01135	-	-	-	-	G
C58481603      none	B	[a,!nX2H0:1][a:2]([!nX2H0])!@[a:3]([nX2H0])[nX2H0:4]	-29.421	2.5	-	-	-	-	R
C50618533      none	B	[a:1][c:2]!@[CX4H1:3][N,O:4]	180	1.64318	-	-	-	-	G
C50618533      none	B	[*:1]~[CX4:2]!@[NX4:3]~[*:4]	-60.0089	15.3415	-	-	-	-	G
C50618533      none	B	[a:1][c:2]!@[CX4H1:3][H:4]	29.9988	4.04281	-	-	-	-	G
C10828512      none	B	[a:1][a:2]!@[CX3:3]=[CX3H1:4]	-0.0105373	13.6236	-	-	-	-	G
C10828512      none	B	[*^2:1]~[C^2:2]([!H])!@[C^2:3]~[*^2:4]	29.999	1.05249	-	-	-	-	G
C10828512      none	B	[O:1]=[C:2]!@[O:3]~[C:4]	-29.9933	0.0890388	-	-	-	-	R
C10828512      none	B	[c:1][CX4H2:2]!@[OX2:3][C:4]	149.998	2.00617	-	-	-	-	G
C10828512      none	B	[a:1][c:2]!@[CX4H2:3][!#1:4]	-44.6956	1.62815	-	-	-	-	O
C10828512      none	B	[c:1][c:2]!@[c:3][s,o,nX3H1:4]	-150.005	2.47456	-	-	-	-	G
C50227575      none	B	[aH1:1][c:2]([aH1])!@[SX4:3][!#1:4]	90.2774	12.916	-	-	-	-	G
C50227575      none	B	[c:1][c:2]!@[c:3][s,o,nX3H1:4]	0.299818	17.837	-	-	-	-	G
C48570569      none	B	[a:1][c:2]!@[CX4H1:3][H:4]	94.3348	0.477016	-	-	-	-	O
C32009342      none	B	[cH0:1][c:2]([cH,nX2H0])!@[NX3H0:3][CX4:4]	-59.7243	5.09408	-	-	-	-	G
C23426254      none	B	[cH0:1][c:2]([cH,nX2H0])!@[NX3H0:3][CX4:4]	-59.7543	5.09408	-	-	-	-	G
C23426254      none	B	[!#1:1][CX4:2]!@[CX4:3][!#1:4]	-160	1.85018	-	-	-	-	G
C04729628      none	B	[cH0:1][c:2]([cH0])!@[CX3!r:3]=[NX2!r:4]	-60.0016	0.632911	-	-	-	-	O
C51887778      none	B	[a:1][c:2]!@[CX4H2:3][!#1:4]	-90.0041	7.30446	-	-	-	-	G
C51887778      none	B	[*:1]~[CX4:2]!@[NX4:3]~[*:4]	-165.208	6.19266	-	-	-	-	G
C51887778      none	B	[!#1:1][CX4:2]!@[CX4:3][!#1:4]	59.9983	12.3771	-	-	-	-	G
C39927266      none	B	[$(C=O):1][O:2]!@[CH2:3]~[C:4]	-90.0047	4.43359	-	-	-	-	G
C39927266      none	B	[O:1]=[C:2]!@[O:3]~[C:4]	-29.994	0.0890388	-	-	-	-	R
C39927266      none	B	[!#1:1][CX4H2:2]!@[CX3:3]=[O:4]	119.982	0.613497	-	-	-	-	G
C39927266      none	B	[!#1:1][CX4:2]!@[SX2:3][!#1:4]	180	11.1654	-	-	-	-	G
C39927266      none	B	[!#1:1][CX3:2]!@[SX2:3][!#1:4]	149.742	0.64006	-	-	-	-	R
C40537997      none	-	-	-	-	-	-	-	-	-
C37203291      none	B	[cH0:1][c:2]!@[CX4H1:3][CX4:4]	149.995	3.06136	-	-	-	-	G
C37203291      none	B	[!#1:1][CX4H1:2]!@[NX3:3][!#1:4]	150	2.7681	-	-	-	-	G
C37203291      none	B	[cH1:1][c:2]([cH1])!@[NX3:3][CX4:4]	-120.004	1.0788	-	-	-	-	O
C62801472      none	B	[!#1:1][CX4:2]!@[CX4:3][!#1:4]	59.9933	12.3771	-	-	-	-	G
C62801472      none	B	[!#1:1][CX4:2]!@[CX4:3][!#1:4]	160.002	1.81259	-	-	-	-	G
C62801472      none	B	[a:1][c:2]!@[CX4H1:3][N,O:4]	30.0111	3.56196	-	-	-	-	G
C62801472      none	B	[cH1:1][a:2]([cH1])!@[a:3]([sX2,o,nX2H0,nX3H1:4])	-179.714	10.6726	-	-	-	-	G
C40275130      none	B	[!#1:1][CX4:2]!@[CX4:3][!#1:4]	60.0047	12.3771	-	-	-	-	G
C40275130      none	B	[!#1:1][CX4:2]!@[CX4:3][!#1:4]	60.0021	12.3771	-	-	-	-	G
C40275130      none	B	[!#1:1][CX4:2]!@[CX4:3][!#1:4]	180	22.1548	-	-	-	-	G
C40275130      none	B	[n,o,s:1][c:2]!@[CX4H2:3][CX4:4]	-89.7028	5.3104	-	-	-	-	G
C08725237      none	B	[a:1][a:2]!@[a:3][$(a!@a):4]	150.327	2.06047	-	-	-	-	G
C08725237      none	B	[c:1][c:2]!@[c:3][$(c!@c):4]	150.273	2.30083	-	-	-	-	G
C63074223      none	B	[a:1][a:2]!@[NX3:3][CX4H0:4]	-59.992	1.17647	-	-	-	-	G
C63074223      none	B	[a:1][c:2]!@[CX4H2:3][!#1:4]	90.0068	7.24386	-	-	-	-	G
C61862819      none	B	[a:1][c:2]!@[CX4H2:3][!#1:4]	180	2.35335	-	-	-	-	O
C61862819      none	B	[*:1]~[CX4:2]!@[NX4:3]~[*:4]	59.9989	15.3058	-	-	-	-	G
C61862819      none	B	[*:1]~[CX4:2]!@[NX4:3]~[*:4]	59.9923	15.3058	-	-	-	-	G
C62186359      none	B	[!#1:1][CX4H2:2]!@[CX4H2:3][!#1:4]	180	58.554	-	-	-	-	G
C62186359      none	B	[N:1][C:2](=O)!@[CX4H2:3][CX4H2:4]	-120.003	3.67847	-	-	-	-	G
C62186359      none	B	[O:1]=[CX3:2]!@[NX3H0:3][!#1:4]	-29.7318	0.692521	-	-	-	-	O
C62186359      none	B	[a:1][a:2]!@[NX3:3][!#1:4]	149.998	1.85775	-	-	-	-	O
C62186359      none	B	[a:1][c:2]!@[CX4H1:3][H:4]	59.9986	1.05062	-	-	-	-	G
C39051127      none	-	-	-	-	-	-	-	-	-
C51721003      none	B	[n,o,s:1][c:2]!@[CX4H2:3][CX4:4]	-135.001	0.52356	-	-	-	-	O
C51721003      none	B	[a:1][c:2]!@[CX4H1:3][N,O:4]	119.99	3.12238	-	-	-	-	G
C51721003      none	B	[OX2:1][CX4:2]!@[CX4:3][N:4]	-79.9965	3.59551	-	-	-	-	G
C51721003      none	B	[!#1:1][CX4H1:2]!@[NX3:3][!#1:4]	179.999	2.80076	-	-	-	-	G
C51721003      none	B	[cH0:1][c:2]([cH,nX2H0])!@[NX3H1:3][CX4:4]	-150.001	1.00143	-	-	-	-	O
C51721003      none	B	[cH0:1][c:2]([cH1])!@[O:3][C:4]	89.9955	0.6255	-	-	-	-	R
C67172153      none	B	[CX3R:1]=[CX3R:2]!@[CX3:3]=[CX3:4]	-39.9995	1.78042	-	-	-	-	G
C67172153      none	B	[CX3:1]=[CX3:2]!@[CH2:3][!#1:4]	-150.003	1.01803	-	-	-	-	G
C03224412      none	B	[aH0:1][c:2]([aH0])!@[SX2:3][!#1:4]	-150.001	0.43837	-	-	-	-	O
C03224412      none	B	[!#1:1][CX4:2]!@[SX2:3][!#1:4]	-90.0057	3.00607	-	-	-	-	G
C03224412      none	B	[!#1:1][CX4H2:2]!@[CX3:3]=[O:4]	30.0038	3.68098	-	-	-	-	G
C03224412      none	B	[C:1][CX4:2]!@[CX3:3]=[O:4]	-120.004	3.42432	-	-	-	-	G
C61894976      none	B	[n,o,s:1][c:2]!@[CX4H2:3][CX4:4]	-30.0008	1.04712	-	-	-	-	O
C61894976      none	B	[a:1][a:2]!@[NX3:3][!#1:4]	-29.6992	1.93298	-	-	-	-	O
C61894976      none	B	[OX2:1][CX4:2]!@[CX4:3][N:4]	-159.999	1.21348	-	-	-	-	O
C58854160      none	B	[*:1]~[CX4:2]!@[NX4:3]~[*:4]	60.0065	15.3058	-	-	-	-	G
C58854160      none	B	[*:1]~[CX4:2]!@[NX4:3]~[*:4]	179.999	15.0612	-	-	-	-	G
C58854160      none	B	[!#1:1][CX4H2:2]!@[CX4H2:3][!#1:4]	-59.9948	3.77933	-	-	-	-	G
C58854160      none	B	[!#1:1][CX4H2:2]!@[NX3H1:3][!#1:4]	150.003	1.87295	-	-	-	-	O
C58854160      none	B	[cH0:1][c:2]([cH,nX2H0])!@[NX3H1:3][CX4:4]	-160.002	4.72103	-	-	-	-	O
C54740057      none	B	[cH0:1][c:2]!@[CX4H1:3][CX4:4]	60.0013	1.73972	-	-	-	-	G
C54740057      none	B	[!#1:1][CH2:2]!@[n:3][cH0:4]	180	0.148746	-	-	-	-	R
C54740057      none	B	[!#1:1][CX4:2]!@[CX4:3][!#1:4]	160.005	1.81259	-	-	-	-	G
C37910035      none	B	[cH1,nX2H0:1][c:2]([cH1,nX2H0])!@[NX3r:3][*:4]	-59.6926	2.69113	-	-	-	-	O
C49811563      none	B	[cH0:1][c:2]!@[CX4H1:3][CX4:4]	89.9967	4.45044	-	-	-	-	G
C49811563      none	B	[!#1:1][CX4:2]!@[CX4:3][!#1:4]	180	22.1548	-	-	-	-	G
C49811563      none	B	[!#1:1][CX4H2:2]!@[CX4H2:3][!#1:4]	60.0027	3.99483	-	-	-	-	G
C14588461      none	B	[!#1:1][CX4:2]!@[CX4:3][!#1:4]	180	22.1548	-	-	-	-	G
C40883655      none	B	[!#1:1][CX4H0:2]!@[OX2:3][!#1:4]	59.9949	19.4328	-	-	-	-	G
C40883655      none	B	[a:1][c:2]([a])!@[O:3][CX4H0:4]	89.9943	10.3226	-	-	-	-	G
C40883655      none	B	[cH0:1][c:2]!@[CX4H2:3][N,O,S:4]	89.9985	7.74238	-	-	-	-	G
C38008685      none	B	[$(S(=O)(=O)):1][NX3H0:2]!@[CX4H2:3][!#1:4]	-89.9974	8.83621	-	-	-	-	G
C38008685      none	B	[c:1][$(S(=O)=O):2]!@[NX3H0:3][C:4]	90.0029	4.81691	-	-	-	-	G
C38008685      none	B	[a:1][c:2]!@[CX4H2:3][!#1:4]	-89.6743	7.30446	-	-	-	-	G
C38008685      none	B	[aH1:1][c:2]([aH1])!@[SX4:3][!#1:4]	90.2777	12.916	-	-	-	-	G
C51174007      none	B	[CX3:1]=[CX3:2]!@[CH2:3][OX2:4]	-29.9917	0.152672	-	-	-	-	O
C51174007      none	B	[C:1][CH2:2]!@[O:3][CX4:4]	180	35.2689	-	-	-	-	G
C51174007      none	B	[H:1][CX4H1:2]!@[O:3][CX4:4]	39.9922	11.9906	-	-	-	-	G
C51174007      none	B	[O:1][CX4:2]!@[CX3:3]=[O:4]	-120.007	1.11962	-	-	-	-	O
C51174007      none	B	[cH1:1][c:2]([cH1])!@[CX3:3]=[O:4]	-59.7281	0.295938	-	-	-	-	R
C42404503      none	B	[aH0:1][c:2]([aH0])!@[SX2:3][!#1:4]	179.998	14.0278	-	-	-	-	G
C42404503      none	B	[!#1:1][CX4:2]!@[SX2:3][!#1:4]	158.724	2.91722	-	-	-	-	G
C19771332      none	B	[a:1][c:2]!@[CX4H2:3][!#1:4]	-89.9815	7.30446	-	-	-	-	G
C19771332      none	B	[!#1:1][CX4H2:2]!@[NX3;"N_lp":3][!#1:4]	-175.695	4.52135	-	-	-	-	G
C19771332      none	B	[*:1]~[NX3:2]!@[NX2:3]~[*:4]	120.003	0.129503	-	-	-	-	R
C19771332      none	B	[cH1:1][c:2]([nX2])!@[CX3:3]=[NX2:4]	-29.7354	0.658762	-	-	-	-	O
C50870194      none	-	-	-	-	-	-	-	-	-
C00171184      none	B	[!#1:1][CX4H2:2]!@[CX4H2:3][!#1:4]	59.9973	3.99483	-	-	-	-	G
C00171184      none	B	[!#1:1][CX4:2]!@[CX4:3][!#1:4]	177.171	22.1548	-	-	-	-	G
C00171184      none	B	[$(C=O):1][NX3H0:2]!@[c:3]([cH1])[cH1:4]	-60.0043	5.10169	-	-	-	-	G
C38802711      none	B	[cH1:1][c:2](cO)!@[O:3][C:4]	-89.7195	0.35524	-	-	-	-	R
C38802711      none	B	[cH1:1][c:2]([cH1])!@[CX3:3]=[NX2:4]	180	13.9437	-	-	-	-	G
C38802711      none	B	[cH1:1][c:2](cO)!@[O:3][C:4]	-119.729	0.103612	-	-	-	-	R
C38802711      none	B	[C:1][CX4H2:2]!@[OX2:3][c:4]	-120.003	0.315856	-	-	-	-	R
C38802711      none	B	[CX3:1]=[CX3:2]!@[CH2:3][OX2:4]	-89.9853	1.98473	-	-	-	-	O
C38802711      none	B	[*:1]~[NX3:2]!@[NX2:3]~[*:4]	0.317191	25.1472	-	-	-	-	G
C42468906      none	B	[cH0:1][c:2]([cH,nX2H0])!@[NX3H0:3][CX4:4]	150.25	2.61588	-	-	-	-	G
C42468906      none	B	[cH1:1][c:2]([cH1])!@[CX3:3]=[O:4]	60.0145	0.265671	-	-	-	-	R
C34353676      none	B	[a:1][c:2]!@[CX4H1:3][H:4]	60.0012	1.05062	-	-	-	-	G
C42135591      none	B	[!#1:1][CX4H2:2]!@[CX4H2:3][!#1:4]	180	58.554	-	-	-	-	G
C42135591      none	B	[CX4:1][CX4H2:2]!@[NX3;"N_lp":3][CX4:4]	179.996	5.18593	-	-	-	-	G
C42135591      none	B	[C:1][CX4:2]!@[NX3;"N_lp":3][C:4]	82.6031	5.94326	-	-	-	-	G
C67340278      none	-	-	-	-	-	-	-	-	-
C49715778      none	B	[a:1][c:2]!@[C:3]([NH0])=[O:4]	-59.9942	3.63889	-	-	-	-	G
C49715778      none	B	[O:1]=[CX3:2](a)!@[NX3H0:3][!#1:4]	-149.692	2.19542	-	-	-	-	O
C00115185      none	B	[a:1][c:2]!@[CX4H0:3][CX4:4]	-179.726	5.49722	-	-	-	-	G
C00115185      none	B	[cH1:1][a:2]([cH1])!@[a:3]([sX2,o,nX2H0,nX3H1:4])	-179.685	10.6726	-	-	-	-	G
C00115185      none	B	[aH0:1][c:2]([aH0])!@[SX2:3][!#1:4]	0.00444913	13.1253	-	-	-	-	G
C36458681      none	B	[C:1][CX4:2]!@[CX3:3]=[O:4]	29.995	3.28614	-	-	-	-	G
C62053820      none	B	[aH1:1][c:2]([aH0])!@[SX2:3][*R:4]	90.005	2.04082	-	-	-	-	G
C62053820      none	B	[!#1:1][CX4:2]!@[SX2:3][!#1:4]	179.554	11.1654	-	-	-	-	G
C11153980      none	B	[cH0:1][a:2]([cH1])!@[a:3]([sX2,o,nX2H0,nX3H1:4])([cH0])	-59.7469	3.37079	-	-	-	-	G
C11153980      none	B	[aH0:1][c:2]([aH0])!@[SX2:3][!#1:4]	150	0.567303	-	-	-	-	O
C11153980      none	B	[!#1:1][CX4:2]!@[SX2:3][!#1:4]	90.0053	2.8728	-	-	-	-	G
C11153980      none	B	[!#1:1][CX4:2]!@[CX4:3][!#1:4]	105.658	0.0798855	-	-	-	-	R
C39069542      none	B	[$([c]([NH1,NH2])):1][c:2]!@[CX3:3]([!O])=[O:4]	89.9733	0	-	-	-	-	R
C39094999      none	-	-	-	-	-	-	-	-	-
C52924179      none	B	[a:1][c:2]!@[CX4H1:3][N,O:4]	0.00749076	1.53503	-	-	-	-	G
C52924179      none	B	[*:1]~[CX4:2]!@[NX4:3]~[*:4]	-60.0133	15.3415	-	-	-	-	G
C52924179      none	B	[c:1][c:2]!@[c:3][s,o,nX3H1:4]	-29.4197	2.72579	-	-	-	-	G
C52924179      none	B	[a:1][c:2]!@[CX4H0:3][CX4:4]	-0.000632995	4.9669	-	-	-	-	G
C41204406      none	B	[n,o,s:1][c:2]!@[CX4H2:3][CX4:4]	179.997	8.82573	-	-	-	-	G
C41204406      none	B	[a:1][c:2]!@[CX4H1:3][N,O:4]	-30.0067	3.61778	-	-	-	-	G
C41204406      none	B	[!#1:1][CX4H1:2]!@[NX3:3][!#1:4]	180	2.80076	-	-	-	-	G
C41204406      none	B	[cH1:1][c:2]([cH1])!@[NX3:3][CX4:4]	-29.9996	1.41383	-	-	-	-	G
C39943561      none	-	-	-	-	-	-	-	-	-
C42434809      none	B	[aH0:1][c:2]([aH0])!@[SX4:3][!#1:4]	-143.853	0.977654	-	-	-	-	R
C42434809      none	B	[*:1][$(S(=O)=O):2]!@[NX3H0r:3][*:4]	-59.6775	8.17536	-	-	-	-	O
C42434809      none	B	[OX2:1][CX4:2]!@[CX4:3][N:4]	160.003	1.1236	-	-	-	-	O
C39581673      none	B	[!#1:1][CX4H2:2]!@[CX4H2:3][!#1:4]	-59.9991	3.77933	-	-	-	-	G
C39581673      none	B	[!#1:1][CX4H2:2]!@[CX4H2:3][!#1:4]	180	58.554	-	-	-	-	G
C39581673      none	B	[$([CX3]=O):1][NX3H0:2](C)!@[CX4H2:3][C:4]	-120.303	2.31561	-	-	-	-	O
C39581673      none	B	[c:1][c:2]!@[c:3][s,o,nX3H1:4]	59.999	0.665746	-	-	-	-	O
C38063620      none	B	[cH0:1][c:2]!@[CX4H2:3][N,O,S:4]	180	6.20075	-	-	-	-	G
C38063620      none	B	[!#1:1][CX4:2]!@[SX2:3][!#1:4]	-80.0004	6.01214	-	-	-	-	G
C58377898      none	B	[cH1:1][c:2]([cH1])!@[O:3][S:4]	89.9976	8.8	-	-	-	-	G
C58377898      none	B	[*:1]~[OX2:2]!@[SX4:3]~[*:4]	-159.996	2.64885	-	-	-	-	G
C58377898      none	B	[!#1:1][CX4:2]!@[SX4:3][!#1:4]	180	13.1368	-	-	-	-	G
C58377898      none	B	[!#1:1][CX4H2:2]!@[CX4H2:3][!#1:4]	180	58.554	-	-	-	-	G
C58377898      none	B	[CX4:1][CX4H2:2]!@[NX3:3][CX4:4]	-89.73	8.29232	-	-	-	-	G
C62667734      none	B	[cH0:1][c:2]!@[CX4H2:3][CX4:4]	90.3041	18.5823	-	-	-	-	G
C62667734      none	B	[a:1][a:2]!@[NX3:3][!#1:4]	180	11.4213	-	-	-	-	G
C20507691      none	B	[!#1:1][CX4:2]!@[CX4:3][!#1:4]	-60.0005	12.2558	-	-	-	-	G
C20507691      none	B	[*:1][CX4:2]!@[O:3][CX4:4]	-40.0025	2.39933	-	-	-	-	G
C20507691      none	B	[*:1][CX4:2]!@[O:3][CX4:4]	-159.998	2.38538	-	-	-	-	G
C20507691      none	B	[cH0:1][c:2]!@[CX4H2:3][N,O,S:4]	-89.997	7.87941	-	-	-	-	G
C20187914      none	B	[a:1][c:2]!@[CX4H1:3][N,O:4]	30.2634	3.56196	-	-	-	-	G
C20187914      none	B	[*:1]~[CX4:2]!@[NX4:3]~[*:4]	-60.0035	15.3415	-	-	-	-	G
C20187914      none	B	[*:1]~[CX4:2]!@[NX4:3]~[*:4]	180	15.0612	-	-	-	-	G
C20187914      none	B	[!#1:1][CX4H2:2]!@[CX4H2:3][!#1:4]	-59.9986	3.77933	-	-	-	-	G
C20187914      none	B	[!#1:1][CX4H2:2]!@[CX4H2:3][!#1:4]	60.007	3.99483	-	-	-	-	G
C00039631      none	B	[a:1][c:2]!@[CX4H0:3][CX4:4]	-119.668	5.28723	-	-	-	-	G
C58250268      none	B	[cH0:1][c:2]!@[CX4H2:3][N,O,S:4]	90.0017	7.74238	-	-	-	-	G
C58250268      none	B	[!#1:1][CX4:2]!@[SX2:3][!#1:4]	160.002	2.91722	-	-	-	-	G
C58250268      none	B	[!#1:1][CX4:2]!@[SX2:3][!#1:4]	79.9988	6.41197	-	-	-	-	G
C58250268      none	B	[!#1:1][CX4H2:2]!@[CX4H2:3][!#1:4]	179.997	58.554	-	-	-	-	G
C58250268      none	B	[!#1:1][CX4H2:2]!@[CX4H2:3][!#1:4]	180	58.554	-	-	-	-	G
C04344897      none	B	[!#1:1][CX4H2:2]!@[CX4H2:3][!#1:4]	59.9919	3.99483	-	-	-	-	G
C04344897      none	B	[!#1:1][CX4:2]!@[SX2:3][!#1:4]	89.9992	2.8728	-	-	-	-	G
C04344897      none	B	[aH0:1][c:2]([aH0])!@[SX2:3][!#1:4]	120.001	1.75348	-	-	-	-	G
C42769726      none	B	[!#1:1][CX4:2]!@[CX4:3][!#1:4]	-160	1.85018	-	-	-	-	G
C42769726      none	B	[!#1:1][CX4H2:2]!@[CX4H2:3][!#1:4]	179.999	58.554	-	-	-	-	G
C42769726      none	B	[C:1][CH2:2]!@[O:3][CX4:4]	80.0016	1.71561	-	-	-	-	G
C42769726      none	B	[H:1][CX4H1:2]!@[O:3][CX4:4]	-48.4373	13.9179	-	-	-	-	O
C48844661      none	B	[cH1,nX2H0:1][c:2]([cH1,nX2H0])!@[NX3r:3][*:4]	-179.69	6.12375	-	-	-	-	G
C48844661      none	B	[!#1:1][CX4:2]!@[CX4:3][!#1:4]	-60.0036	12.2558	-	-	-	-	G
C48844661      none	B	[$([CX3]=O):1][NX3H1:2]!@[CX4H2:3][C:4] 	150.004	1.43139	-	-	-	-	O
C48844661      none	B	[O:1]=[CX3:2]([$([NX3H1]C)])!@[NX3H1:3][!#1:4]	180	9.5176	-	-	-	-	R
C48844661      none	B	[O:1]=[CX3:2]([$([NX3H1]C)])!@[NX3H1:3][!#1:4]	-0.00332133	41.1343	-	-	-	-	G
C48844661      none	B	[$(C=O):1][NX3H1:2]!@[CX4H1:3][H:4]	30.0032	9.46757	-	-	-	-	G
C36928912      none	B	[a:1][a:2]!@[CX3:3]=[O:4]	-29.9999	2.49728	-	-	-	-	G
C62991471      none	B	[!#1:1][CX4:2]!@[CX3H0:3][!#1:4]	128.622	1.82069	-	-	-	-	O
C19470008      none	B	[cH1:1][a:2]([cH1])!@[a:3]([sX2,o,nX2H0,nX3H1:4])([cH0])	0.0052069	3.0303	-	-	-	-	G
C19470008      none	B	[aH0:1][c:2]!@[OX2:3][!#1:4]	-149.999	0.522607	-	-	-	-	O
C19470008      none	B	[cH1:1][c:2]([cH0])!@[O:3][c:4]	-59.7255	3.44086	-	-	-	-	G
C40227773      none	B	[cH0:1][c:2]([cH0])!@[O:3][C:4]	89.9961	14.2516	-	-	-	-	G
C40227773      none	B	[H:1][CX4H1:2]!@[OX2:3][!#1:4]	-28.5966	9.1924	-	-	-	-	G
C63042985      none	B	[!#1:1][CX4:2]!@[CX4:3][!#1:4]	60.0014	12.3771	-	-	-	-	G
C63042985      none	B	[!#1:1][CX4:2]!@[CX4:3][!#1:4]	160.003	1.81259	-	-	-	-	G
C63042985      none	B	[cH0:1][c:2]!@[CX4H2:3][CX4:4]	120.001	1.08861	-	-	-	-	G
C36939173      none	B	[!#1:1][CX4:2]!@[CX4:3][!#1:4]	-60.0021	12.2558	-	-	-	-	G
C36870636      none	B	[n,o,s:1][c:2]!@[CX4H2:3][CX4:4]	0.342703	6.43231	-	-	-	-	G
C50113541      none	B	[CX3:1]=[CX3:2]!@[CH2:3][!#1:4]	179.998	0.97561	-	-	-	-	R
C50113541      none	B	[*:1]~[CX4:2]!@[NX4:3]~[*:4]	-86.4794	0.698267	-	-	-	-	O
C50113541      none	B	[OX2:1][CX4:2]!@[CX4:3][N:4]	-59.9958	14.8764	-	-	-	-	G
C39104432      none	B	[cH0:1][c:2]!@[CX4H2:3][CX4:4]	-179.713	4.40506	-	-	-	-	R
C39104432      none	B	[cH0:1][c:2]!@[CX4H1:3][CX4:4]	-59.9941	1.48348	-	-	-	-	G
C42547457      none	B	[C:1][CX4:2]!@[NX3;"N_lp":3][C:4]	-159.999	4.58918	-	-	-	-	G
C42547457      none	B	[CX4:1][CX4H2:2]!@[NX3;"N_lp":3][CX4:4]	79.9985	8.72362	-	-	-	-	G
C42547457      none	B	[!#1:1][CX4H2:2]!@[CX4H2:3][!#1:4]	60.003	3.99483	-	-	-	-	G
C42547457      none	B	[!#1:1][CX4H2:2]!@[CX4H2:3][!#1:4]	179.998	58.554	-	-	-	-	G
C28199997      none	B	[O:1]=[CX3:2](a)!@[NX3H0:3][!#1:4]	179.994	9.67842	-	-	-	-	G
C28199997      none	B	[a:1][c:2]!@[C:3]([NH0])=[O:4]	120.307	4.19444	-	-	-	-	G
C39051729      none	-	-	-	-	-	-	-	-	-
C00162922      none	B	[a:1][c:2]!@[CX4H0:3][CX4:4]	-119.727	5.28723	-	-	-	-	G
C00162922      none	B	[cH1:1][a:2]([cH1])!@[a:3]([sX2,o,nX2H0,nX3H1:4])	-179.681	10.6726	-	-	-	-	G
C00162922      none	B	[a:1][c:2]!@[CX4H2:3][!#1:4]	-90.0038	7.30446	-	-	-	-	G
C00041544      none	B	[cH0:1][c:2]!@[CX4H2:3][CX4:4]	89.9964	18.5823	-	-	-	-	G
C00041544      none	B	[cH1:1][a:2]([cH1])!@[a:3]([sX2,o,nX2H0,nX3H1:4])([cH0])	0.286054	3.0303	-	-	-	-	G
C42376507      none	B	[cH1:1][c:2]([cH0])!@[O:3][c:4]	90.0278	4.30108	-	-	-	-	G
C42376507      none	B	[O-:1][N+:2](=O)!@[c:3]([cH0])[cH,nX2H0:4]	90.2872	0.274725	-	-	-	-	O
C42376507      none	B	[aH0:1][c:2]!@[OX2:3][!#1:4]	-134.72	0.724906	-	-	-	-	R
C40883840      none	B	[H:1][CX4H1:2]!@[OX2:3][!#1:4]	29.9938	9.32817	-	-	-	-	G
C40883840      none	B	[cH1,n:1][c:2]!@[O:3][CRH1:4]	180	10.7724	-	-	-	-	G
C40883840      none	B	[a:1][c:2]!@[CX4H2:3][!#1:4]	134.998	1.8443	-	-	-	-	O
C41049505      none	B	[!#1:1][CX4:2]!@[CX4:3][!#1:4]	60.0082	12.3771	-	-	-	-	G
C41049505      none	B	[C:1][CX4:2]!@[NX3;"N_lp":3][C:4]	156.048	4.57693	-	-	-	-	G
C41049505      none	B	[C:1][CX4:2]!@[NX3;"N_lp":3][C:4]	-163.913	4.58918	-	-	-	-	G
C37883292      none	B	[C:1][CX4:2]!@[NX3;"N_lp":3][C:4]	40.0054	0.870045	-	-	-	-	G
C37883292      none	B	[CX4:1][CX4H2:2]!@[NX3;"N_lp":3][CX4:4]	159.996	6.03015	-	-	-	-	G
C00500117      none	B	[C:1][CX4:2]!@[CX3:3]=[O:4]	-119.989	3.42432	-	-	-	-	G
C00500117      none	B	[!#1:1][CX4H2:2]!@[CX3:3]=[O:4]	-0.00727338	19.1789	-	-	-	-	G
C00500117      none	B	[!#1:1][CX4:2]!@[SX2:3][!#1:4]	-159.999	3.18377	-	-	-	-	G
C00500117      none	B	[!#1:1][CX3:2]!@[SX2:3][!#1:4]	179.998	28.238	-	-	-	-	G
C00500117      none	B	[!#1:1][CX3:2](=S)!@[NX3H0:3][!#1:4]	-29.7247	1.29496	-	-	-	-	O
C42591967      none	B	[C:1][CX4:2]!@[NX3:3][C:4]	120	2.89331	-	-	-	-	O
C42591967      none	B	[a:1][c:2]!@[CX4H1:3][N,O:4]	-30.0031	3.61778	-	-	-	-	G
C42134473      none	B	[cH1:1][c:2]([cH1])!@[NX3:3][CX4:4]	120	0.904583	-	-	-	-	O
C42134473      none	B	[!#1:1][CX4H1:2]!@[NX3:3][!#1:4]	-162.6	2.4687	-	-	-	-	G
C37470677      none	-	-	-	-	-	-	-	-	-
C39504963      none	-	-	-	-	-	-	-	-	-
C48603383      none	B	[!#1:1][CX4H2:2]!@[CX4H2:3][!#1:4]	180	58.554	-	-	-	-	G
C48603383      none	B	[n,o,s:1][c:2]!@[CX4H2:3][CX4:4]	0.281151	6.43231	-	-	-	-	G
C48603383      none	B	[c:1][c:2]!@[c:3][s,o,nX3H1:4]	90.2593	0.30147	-	-	-	-	R
C43679213      none	B	[a:1][c:2]!@[CX4H2:3][!#1:4]	-0.000126353	2.24426	-	-	-	-	O
C43679213      none	B	[*:1]~[CX4:2]!@[NX4:3]~[*:4]	-79.6373	2.10499	-	-	-	-	G
C36936002      none	B	[cH0:1][c:2]!@[CX4H1:3][CX4:4]	150.003	3.06136	-	-	-	-	G
C37939765      none	B	[a:1][c:2]!@[CX4H2:3][!#1:4]	180	2.35335	-	-	-	-	O
C37939765      none	B	[!#1:1][CX4H2:2]!@[NX3H1;"N_lp":3][!#1:4]	-159.999	5.6042	-	-	-	-	G
C37939765      none	B	[C:1][CX4:2]!@[NX3;"N_lp":3][C:4]	-179.555	5.71656	-	-	-	-	G
C65339337      none	B	[cH1:1][c:2]([cH1])!@[c:3]([cH1:4])[cH1]	-29.726	8.20146	-	-	-	-	G
C04862819      none	B	[$(C=O):1][O:2]!@[CH2:3]~[C:4]	180	23.3458	-	-	-	-	G
C04862819      none	B	[O:1]=[C:2]!@[O:3]~[C:4]	0.00149607	74.4927	-	-	-	-	G
C04862819      none	B	[NH1:1][CX4:2]!@[CX3:3]=[O:4]	-89.9771	0.352274	-	-	-	-	R
C00085147      none	B	[O-:1][N+:2](=O)!@[c:3]([cH,nX2H0])[cH,nX2H0:4]	179.979	23.2156	-	-	-	-	G
C00085147      none	B	[a:1][c:2]!@[CX4H1:3][H:4]	59.9953	1.05062	-	-	-	-	G
C22011278      none	B	[CX4:1][CX4H2:2]!@[NX3;"N_lp":3][CX4:4]	-80.0024	8.1206	-	-	-	-	G
C22011278      none	B	[OX2:1][CX4H2:2]!@[CX4H2:3][Nr:4]	-60.0012	16.6667	-	-	-	-	G
C60934215      none	B	[a:1][c:2]!@[CX4H2:3][!#1:4]	90.0027	7.24386	-	-	-	-	G
C60934215      none	B	[!#1:1][CX4:2]!@[SX2:3][!#1:4]	-60.0009	7.13757	-	-	-	-	G
C60934215      none	B	[aH0:1][c:2]([aH0])!@[SX2:3][!#1:4]	30.0051	0.412584	-	-	-	-	O
C60934215      none	B	[$(C=O):1][NX3H1:2]!@[c:3](s)[n:4]	0.000907262	0.574713	-	-	-	-	R
C60934215      none	B	[O:1]=[CX3:2]!@[NX3H1:3][!#1:4]	-0.00413294	63.7893	-	-	-	-	G
C60934215      none	B	[cH1:1][c:2]([cH1])!@[C:3]([NH1,NH2])=[O:4]	-27.0007	8.39053	-	-	-	-	G
C05455208      none	B	[!#1:1][CX4:2]!@[CX4:3][!#1:4]	159.996	1.81259	-	-	-	-	G
C44154579      none	-	-	-	-	-	-	-	-	-
C66568692      none	B	[cH0:1][c:2]([cH1])!@[CX3:3]=[O:4]	59.9997	1.40891	-	-	-	-	O
C66568692      none	B	[aH0:1][c:2]([aH1])!@[SX4:3][!#1:4]	89.7191	4.49141	-	-	-	-	G
C66568692      none	B	[*:1]~[OX2:2]!@[SX4:3]~[*:4]	160	2.391	-	-	-	-	G
C66568692      none	B	[cH1:1][c:2]([cH0])!@[O:3][S:4]	60.0078	2.57732	-	-	-	-	G
C66568692      none	B	[O:1]=[C:2]!@[O:3]~[C:4]	0.000318027	74.4927	-	-	-	-	G
C22047360      none	B	[O:1]=[C:2]!@[O:3]~[CH0:4]	-0.00504759	56.519	-	-	-	-	G
C22047360      none	B	[$(C=O):1][O:2]!@[CX3:3]~[*:4]	-119.992	3.08008	-	-	-	-	G
C22047360      none	B	[!#1:1][CX4:2]!@[CX3H0:3][!#1:4]	86.1306	2.78327	-	-	-	-	G
C42444424      none	B	[*:1]~[CX4:2]!@[NX4:3]~[*:4]	-55.188	15.3415	-	-	-	-	G
C16681694      none	B	[$([CX3]=O):1][NX3H1:2]!@[CX4H2:3][C:4] 	179.989	6.46594	-	-	-	-	G
C16681694      none	B	[O:1]=[CX3:2]([$([NX3H1]C)])!@[NX3H1:3][!#1:4]	179.997	9.5176	-	-	-	-	R
C16681694      none	B	[O:1]=[CX3:2]([$([NX3H1]C)])!@[NX3H1:3][!#1:4]	0.00997137	41.1343	-	-	-	-	G
C16681694      none	B	[$([CX3]=O):1][NX3H1:2]!@[CX4H2:3][C:4] 	120	2.76407	-	-	-	-	O
C16681694      none	B	[!#1:1][CX4:2]!@[CX4:3][!#1:4]	-162.325	1.85018	-	-	-	-	G
C04277339      none	B	[a:1][c:2]!@[CX4H2:3][!#1:4]	90.0043	7.24386	-	-	-	-	G
C16546085      none	-	-	-	-	-	-	-	-	-
C44399298      none	B	[cH0:1][c:2]!@[CX4H2:3][CX4:4]	179.993	4.40506	-	-	-	-	R
C44399298      none	B	[!#1:1][CX4H2:2]!@[CX4H2:3][!#1:4]	179.995	58.554	-	-	-	-	G
C44399298      none	B	[!#1:1][CX4H2:2]!@[CX4H2:3][!#1:4]	-59.9965	3.77933	-	-	-	-	G
C42432325      none	B	[cH1,nX2H0:1][c:2]([cH1,nX2H0])!@[NX3r:3][*:4]	120.276	2.56328	-	-	-	-	O
C42432325      none	B	[cH1:1][c:2]([cH1])!@[CX3:3]=[O:4]	-0.000697934	14.2319	-	-	-	-	G
C42432325      none	B	[OX2:1][CX4:2]!@[CX4:3][N:4]	180	9.8427	-	-	-	-	G
C36252091      none	B	[a:1][c:2]!@[CX4H0:3][CX4:4]	-119.696	5.28723	-	-	-	-	G
C54931925      none	B	[aH0:1][c:2]!@[OX2:3][!#1:4]	-90.0028	6.47358	-	-	-	-	G
C54931925      none	B	[cH0:1][c:2]!@[CX4H2:3][N,O,S:4]	-89.996	7.87941	-	-	-	-	G
C54931925      none	B	[cH1:1][c:2]([cH1])!@[O:3][c:4]	-179.727	4.27783	-	-	-	-	G
C61708067      none	B	[!#1:1][CH2:2]!@[n:3][cH0:4]	180	0.148746	-	-	-	-	R
C61708067      none	B	[a:1][c:2]!@[CX4H2:3][!#1:4]	180	2.35335	-	-	-	-	O
C61708067      none	B	[!#1:1][CX4H2:2]!@[NX3;"N_lp":3][!#1:4]	-84.5796	6.8682	-	-	-	-	G
C36820360      none	B	[H:1][CX4H1:2]!@[O:3][CX4:4]	40.0117	11.9906	-	-	-	-	O
C36820360      none	B	[*:1][CX4:2]!@[O:3][CX4:4]	179.995	12.0478	-	-	-	-	G
C36820360      none	B	[cH0:1][c:2]!@[CX4H2:3][N,O,S:4]	45.2935	1.98698	-	-	-	-	G
C53750802      none	B	[!#1:1][CX4:2]!@[NX3:3][!#1:4]	59.9965	5.63312	-	-	-	-	G
C53750802      none	B	[a:1][a:2]!@[NX3:3][CX4H0:4]	-59.9967	1.17647	-	-	-	-	G
C53750802      none	B	[a:1][c:2]!@[CX4H2:3][a:4]	-90.0003	5.18797	-	-	-	-	G
C53750802      none	B	[a:1][c:2]!@[CX4H2:3][a:4]	-134.726	2.23684	-	-	-	-	O
C56412344      none	B	[$([CX3]=O):1][NX3H0:2](C)!@[CX4H2:3][C:4]	-89.9989	15.9949	-	-	-	-	G
C56412344      none	B	[$([CX3]=O):1][NX3H0:2](C)!@[CX4H2:3][C:4]	-90.0007	15.9949	-	-	-	-	G
C56412344      none	B	[O:1]=[CX3:2]!@[NX3H0:3][!#1:4]	149.99	1.73707	-	-	-	-	O
C56412344      none	B	[!#1:1][CX4:2]!@[CX4:3][!#1:4]	160.002	1.81259	-	-	-	-	G
C56412344      none	B	[O:1][CX4:2]!@[CX3:3]=[O:4]	-116.226	1.11962	-	-	-	-	O
C56412344      none	B	[*:1]~[CX3:2]!@[cX3:3]~[*:4]	0.31746	13.8319	-	-	-	-	G
C52290320      none	B	[!#1:1][CH2:2]!@[n:3][cH0:4]	134.999	0.637484	-	-	-	-	R
C52290320      none	B	[a:1][c:2]!@[NX3H1:3][$([CX4r]([C;r])([C;r])):4]	179.998	15.9091	-	-	-	-	G
C52290320      none	B	[!#1:1][CX4H1:2]!@[NX3:3][!#1:4]	-55.6728	6.546	-	-	-	-	G
C51331240      none	B	[aH0:1][c:2]([aH0])!@[SX2:3][!#1:4]	0.00524822	13.1253	-	-	-	-	G
C51331240      none	B	[!#1:1][CX4:2]!@[SX2:3][!#1:4]	80.0018	6.41197	-	-	-	-	G
C51331240      none	B	[a:1][c:2]!@[CX4H1:3][H:4]	180	7.22227	-	-	-	-	G
C37852607      none	B	[H:1][CX4H1:2]!@[O:3][CX4:4]	59.9967	4.42842	-	-	-	-	G
C37852607      none	B	[C:1][CH2:2]!@[O:3][CX4:4]	-160.004	4.55295	-	-	-	-	G
C37852607      none	B	[OX2:1][CX4:2]!@[CX4:3][OX2:4]	180	13.4277	-	-	-	-	G
C37852607      none	B	[OX2:1][CX4:2]!@[CX4:3][N:4]	59.9992	15.2809	-	-	-	-	G
C37852607      none	B	[*:1]~[CX4:2]!@[NX4:3]~[*:4]	60.0062	15.3058	-	-	-	-	G
C37852607      none	B	[*:1]~[CX4:2]!@[NX4:3]~[*:4]	-157.114	2.15596	-	-	-	-	G
C60285916      none	B	[!#1:1][CX4:2]!@[SX2:3][!#1:4]	159.993	2.91722	-	-	-	-	G
C60285916      none	B	[!#1:1][CX4:2]!@[SX2:3][!#1:4]	42.5479	0.636754	-	-	-	-	O
C54792963      none	B	[a:1][c:2]!@[CX4H1:3][H:4]	-0.002085	6.54616	-	-	-	-	G
C54792963      none	B	[a:1][c:2]!@[CX4H2:3][!#1:4]	44.9974	1.59785	-	-	-	-	O
C20354408      none	B	[C:1][CX4:2]!@[NX3:3][C:4]	-94.0712	4.74684	-	-	-	-	O
C43539806      none	B	[!#1:1][CX4:2]!@[CX4:3][!#1:4]	-60.0113	12.2558	-	-	-	-	G
C43539806      none	B	[C:1][CX4:2]!@[NX3;"N_lp":3][C:4]	-160.002	4.58918	-	-	-	-	G
C43539806      none	B	[C:1][CX4:2]!@[NX3;"N_lp":3][C:4]	-60.0028	7.07677	-	-	-	-	G
C66773346      none	B	[$(C=O):1][NX3H1:2]!@[CX4H1:3][H:4]	30.0084	9.46757	-	-	-	-	G
C66773346      none	B	[O:1]=[CX3:2]!@[NX3H1:3][!#1:4]	-0.0108391	63.7893	-	-	-	-	G
C66773346      none	B	[C:1][CX4:2]!@[CX3:3]=[O:4]	90.0074	3.65147	-	-	-	-	G
C66773346      none	B	[!#1:1][CX4:2]!@[CX4:3][!#1:4]	160	1.81259	-	-	-	-	G
C66773346      none	B	[!#1:1][CX4:2]!@[SX2:3][!#1:4]	159.993	2.91722	-	-	-	-	G
C55003540      none	B	[cH0:1][c:2]!@[CX4H2:3][N,O,S:4]	44.9975	3.35731	-	-	-	-	G
C55003540      none	B	[a:1][a:2]!@[NX3:3][!#1:4]	150.28	1.85775	-	-	-	-	O
C65692066      none	B	[aH0:1][c:2]([aH0])!@[SX2:3][!#1:4]	-59.9992	1.39247	-	-	-	-	G
C65692066      none	B	[!#1:1][CX4:2]!@[SX2:3][!#1:4]	-159.999	3.18377	-	-	-	-	G
C65692066      none	B	[a:1][c:2]!@[CX4H2:3][!#1:4]	90.3278	7.24386	-	-	-	-	G
C65692066      none	B	[aH0:1][c:2]([aH0])!@[SX2:3][!#1:4]	-59.9957	1.39247	-	-	-	-	G
C59933135      none	B	[O:1]=[CX3:2]!@[NX3H0:3][!#1:4]	29.9989	0.680979	-	-	-	-	O
C59933135      none	B	[!#1:1][CX4H2:2]!@[CX3:3]=[O:4]	90.0033	1.06654	-	-	-	-	G
C59933135      none	B	[!#1:1][CX4:2]!@[SX2:3][!#1:4]	-149.996	1.30312	-	-	-	-	G
C59933135      none	B	[aH0:1][c:2]([aH0])!@[SX2:3][!#1:4]	0.00010457	13.1253	-	-	-	-	G
C59933135      none	B	[cH1,n:1][c:2]!@[O:3][CH1:4]	-29.9999	2.13592	-	-	-	-	G
C59933135      none	B	[H:1][CX4H1:2]!@[OX2:3][!#1:4]	60.0049	2.10701	-	-	-	-	G
C61856583      none	B	[cH1,nX2H0:1][c:2]([cH1,nX2H0])!@[NX3r:3][*:4]	179.997	6.12375	-	-	-	-	G
C61856583      none	B	[cH0:1][c:2]!@[C:3](=[N:4])	179.996	8.8648	-	-	-	-	G
C50103541      none	B	[*:1]~[CX4:2]!@[NX4:3]~[*:4]	60.0075	15.3058	-	-	-	-	G
C50103541      none	B	[!#1:1][CX4:2]!@[CX4:3][!#1:4]	148.619	0.50879	-	-	-	-	O
C61319817      none	B	[a:1][c:2]!@[CX4H2:3][!#1:4]	134.998	1.8443	-	-	-	-	O
C61319817      none	B	[!#1:1][CX4H2:2]!@[NX3H1;"N_lp":3][!#1:4]	-79.9962	5.25394	-	-	-	-	G
C61319817      none	B	[CX4:1][CX4H2:2]!@[NX3;"N_lp":3][CX4:4]	180	5.18593	-	-	-	-	G
C61319817      none	B	[!#1:1][CX4:2]!@[CX4:3][!#1:4]	159.998	1.81259	-	-	-	-	G
C61319817      none	B	[*:1]~[CX4:2]!@[NX4:3]~[*:4]	-59.9882	15.3415	-	-	-	-	G
C36437674      none	B	[n,o,s:1][c:2]!@[CX4H2:3][CX4:4]	90.0015	4.03889	-	-	-	-	G
C36437674      none	B	[n,o,s:1][c:2]!@[CX4H2:3][CX4:4]	-0.00318124	6.43231	-	-	-	-	G
C50832863      none	B	[a:1][c:2]!@[CX4H0:3][CX4:4]	60.002	5.94035	-	-	-	-	G
C50832863      none	B	[cH0:1][c:2]([cH1])!@[O:3][C:4]	149.999	0.618227	-	-	-	-	O
C50832863      none	B	[c:1][CX4H2:2]!@[OX2:3][c:4]	-150.001	1.12166	-	-	-	-	R
C50832863      none	B	[cH0:1][c:2]!@[CX4H2:3][N,O,S:4]	-44.7221	3.01473	-	-	-	-	G
C50832863      none	B	[a:1][a:2]!@[NX3:3][!#1:4]	150	1.85775	-	-	-	-	O
C04252973      none	B	[C:1][CX4H2:2]!@[CX3:3]=[O:4]	-89.995	1.15875	-	-	-	-	O
C04252973      none	B	[*:1]~[CX3:2]!@[NX2:3]~[*:4]	90.0055	0.126195	-	-	-	-	G
C04252973      none	B	[!#1:1][CH2:2]!@[n:3][cH0:4]	89.998	14.7896	-	-	-	-	G
C04252973      none	B	[O-:1][N+:2](=O)!@[c:3]([cH,nX2H0])[cH,nX2H0:4]	179.982	23.2156	-	-	-	-	G
C32108944      none	B	[cH0:1][a:2]([cH1])!@[a:3]([sX2,o,nX2H0,nX3H1:4])([cH0])	-59.784	3.37079	-	-	-	-	G
C03878521      none	B	[cH0:1][c:2]!@[CX4H2:3][a:4]	-135.015	0.554675	-	-	-	-	R
C03878521      none	B	[!#1:1][CH2:2]!@[n:3][a:4]	-89.7315	13.2844	-	-	-	-	G
C48608176      none	B	[!#1:1][CX4:2]!@[CX4:3][!#1:4]	-59.9372	12.2558	-	-	-	-	G
C48608176      none	B	[cH0:1][c:2]([cH,nX2H0])!@[NX3H0:3][CX4:4]	119.999	2.29463	-	-	-	-	O
C48608176      none	B	[cH1:1][c:2]([cH1])!@[C:3]([NH1,NH2])=[O:4]	0.0103324	4.32395	-	-	-	-	G
C43498282      none	B	[aH1:1][c:2]([aH0])!@[SX2:3][!#1:4]	-59.9992	1.08949	-	-	-	-	O
C43498282      none	B	[!#1:1][CX4:2]!@[SX2:3][!#1:4]	-149.999	1.30312	-	-	-	-	G
C43498282      none	B	[!#1:1][CX4:2]!@[CX4:3][!#1:4]	-60.3984	12.2558	-	-	-	-	G
C61161694      none	B	[cH0:1][c:2]!@[CX4H2:3][CX4:4]	-179.719	4.40506	-	-	-	-	R
C61161694      none	B	[$(C=O):1][NX3H1:2]!@[c:3](s)[n:4]	179.999	66.092	-	-	-	-	G
C61161694      none	B	[O:1]=[CX3:2]!@[NX3H1:3][!#1:4]	-0.00641061	63.7893	-	-	-	-	G
C61161694      none	B	[s:1][c:2]!@[C:3]([NH1])=[O:4]	120.007	0	-	-	-	-	R
C61161694      none	B	[a:1][c:2]!@[CX4H0:3][CX4:4]	30.005	1.45038	-	-	-	-	O
C65356250      none	-	-	-	-	-	-	-	-	-
C32158517      none	B	[CX4:1][CX4H2:2]!@[NX3:3][CX4:4]	-90.0018	8.29232	-	-	-	-	G
C32158517      none	B	[a:1][a:2]!@[NX3:3][!#1:4]	149.997	1.85775	-	-	-	-	O
C32158517      none	B	[C:1][CX4:2]!@[NX3:3][C:4]	119.332	2.89331	-	-	-	-	O
C32158517      none	B	[a:1][c:2]!@[CX4H2:3][!#1:4]	134.996	1.8443	-	-	-	-	O
C39077586      none	B	[OX2:1][CX4:2]!@[CX4:3][N:4]	180	9.8427	-	-	-	-	G
C14588477      none	B	[!#1:1][CX4:2]!@[CX4:3][!#1:4]	39.9984	0.998355	-	-	-	-	G
C14588477      none	B	[!#1:1][CX4:2]!@[CX4:3][!#1:4]	-60.0017	12.2558	-	-	-	-	G
C41062364      none	B	[n,o,s:1][c:2]!@[CX4H2:3][CX4:4]	0.00636971	6.43231	-	-	-	-	G
C41062364      none	B	[a:1][c:2]!@[CX4H1:3][N,O:4]	-90.0905	1.29082	-	-	-	-	G
C52884133      none	B	[a:1][c:2]!@[CX4H1:3][H:4]	-90.0035	0.504612	-	-	-	-	O
C52884133      none	B	[cH0:1][a:2]([cH1])!@[a:3]([sX2,o,nX2H0,nX3H1:4])([cH1])	30.2836	2.85171	-	-	-	-	G
C01602040      none	-	-	-	-	-	-	-	-	-
C39134821      none	B	[*:1]~[CX4:2]!@[NX3:3]~[*:4]	-120.003	2.58989	-	-	-	-	O
C39134821      none	B	[a:1][c:2]!@[CX4H2:3][!#1:4]	-179.676	2.35335	-	-	-	-	O
C39059368      none	-	-	-	-	-	-	-	-	-
C51815845      none	B	[CX3:1]=[CX3:2]!@[CH2:3][OX2:4]	149.994	1.83206	-	-	-	-	G
C51815845      none	B	[C:1][CH2:2]!@[O:3][CX4:4]	180	35.2689	-	-	-	-	G
C51815845      none	B	[C:1][CH2:2]!@[O:3][CX4:4]	-159.993	4.55295	-	-	-	-	G
C51815845      none	B	[OX2:1][CX4:2]!@[CX4:3][N:4]	-79.9364	3.59551	-	-	-	-	G
C61708337      none	B	[*:1]~[CX4:2]!@[NX4:3]~[*:4]	-40.0063	2.20693	-	-	-	-	G
C61708337      none	B	[!#1:1][CX4:2]!@[CX4:3][!#1:4]	-62.5388	12.2558	-	-	-	-	G
C00442781      none	B	[!#1:1][CX4H2:2]!@[CX4H2:3][!#1:4]	179.999	58.554	-	-	-	-	G
C00442781      none	B	[!#1:1][CX4:2]!@[CX4:3][!#1:4]	160.236	1.81259	-	-	-	-	G
C42196428      none	B	[!#1:1][c:2]!@[SX3:3][!#1:4]	89.9977	6.98529	-	-	-	-	G
C34516025      none	B	[cH0:1][c:2]!@[CX4H2:3][CX4:4]	-135.004	0.202532	-	-	-	-	R
C34516025      none	B	[!#1:1][CX4H2:2]!@[CX4H2:3][!#1:4]	179.999	58.554	-	-	-	-	G
C34516025      none	B	[!#1:1][CX4:2]!@[CX4:3][!#1:4]	179.994	22.1548	-	-	-	-	G
C34516025      none	B	[OX2:1][CX4:2]!@[CX4:3][OX2:4]	59.9987	14.3222	-	-	-	-	G
C52269855      none	B	[*:1]~[CX4:2]!@[NX4:3]~[*:4]	80.0043	2.21713	-	-	-	-	G
C52269855      none	B	[*:1]~[CX4:2]!@[NX4:3]~[*:4]	79.999	2.21713	-	-	-	-	G
C39112420      none	B	[!#1:1][CX4:2]!@[CX4:3][!#1:4]	79.9959	1.75235	-	-	-	-	G
C39100469      none	B	[C:1][CX4H2:2]!@[OX2:3][c:4]	-150.002	1.28448	-	-	-	-	O
C39100469      none	B	[cH1:1][c:2]([nX2])!@[O:3][C:4]	-29.7366	0	-	-	-	-	R
C43666185      none	B	[cH0:1][c:2]!@[CX4H1:3][a:4]	-90.2593	4.66001	-	-	-	-	G
C43666185      none	B	[*:1]~[CX4:2]!@[n:3]~[*:4]	-59.9936	3.65221	-	-	-	-	G
C61920852      none	B	[cH1,nX2H0:1][c:2]([cH1,nX2H0])!@[NX3r:3][*:4]	120.007	2.56328	-	-	-	-	O
C61920852      none	B	[cH0:1][c:2]!@[CX4H2:3][!#1:4]	179.999	4.44866	-	-	-	-	G
C43759751      none	B	[C:1][CX4:2]!@[CX3:3]=[O:4]	32.9666	3.28614	-	-	-	-	G
C01642199      none	-	-	-	-	-	-	-	-	-
C41136358      none	B	[!#1:1][CX4H2:2]!@[CX4H2:3][!#1:4]	180	58.554	-	-	-	-	G
C41136358      none	B	[!#1:1][CX4H2:2]!@[CX4H2:3][!#1:4]	-59.9986	3.77933	-	-	-	-	G
C41136358      none	B	[!#1:1][CX4:2]!@[SX4:3][!#1:4]	-152.259	1.51579	-	-	-	-	O
C41136358      none	B	[C:1][$(S(=O)=O):2]!@[NX3H1:3][C:4]	-89.9979	6.12245	-	-	-	-	G
C41136358      none	B	[$(S(=O)(=O)):1][NX3H1:2]!@[CX4H2:3][!#1:4]	150	5.15021	-	-	-	-	G
C41136358      none	B	[a:1][c:2]!@[CX4H2:3][!#1:4]	-89.6907	7.30446	-	-	-	-	G
C41136358      none	B	[c:1][c:2]!@[c:3][s,o,nX3H1:4]	150.548	2.6253	-	-	-	-	G
C62950840      none	B	[a:1][c:2]!@[CX4H0:3][CX4:4]	-59.999	5.9706	-	-	-	-	G
C62950840      none	B	[aH1:1][c:2]([aH1])!@[SX2:3][!#1:4]	149.999	1.92845	-	-	-	-	G
C37468655      none	B	[!#1:1][CX4:2]!@[CX4:3][!#1:4]	38.6199	0.998355	-	-	-	-	G
C37468655      none	B	[!#1:1][CX4H1:2]!@[NX3:3][!#1:4]	-89.9996	3.22537	-	-	-	-	G
C37468655      none	B	[cH1:1][c:2]([cH1])!@[NX3:3][CX4:4]	0.00298974	14.0646	-	-	-	-	G
C54822725      none	B	[CX3:1]=[CX3:2]!@[CH2:3][!#1:4]	120.002	8.78049	-	-	-	-	G
C54822725      none	B	[*:1]~[CX4:2]!@[NX4:3]~[*:4]	59.9962	15.3058	-	-	-	-	G
C54822725      none	B	[*:1]~[CX4:2]!@[NX4:3]~[*:4]	79.9966	2.21713	-	-	-	-	G
C03426065      none	B	[$(C=O):1][NX3:2]!@[a:3][aH0:4]	60.0018	2.5788	-	-	-	-	G
C03426065      none	B	[O:1]=[CX3:2]!@[NX3H1:3][!#1:4]	-0.00593716	63.7893	-	-	-	-	G
C03426065      none	B	[!#1:1][CX4H2:2]!@[CX3:3]=[O:4]	120.006	0.613497	-	-	-	-	G
C03426065      none	B	[!#1:1][CX4:2]!@[SX2:3][!#1:4]	-149.998	1.30312	-	-	-	-	G
C03426065      none	B	[aH0:1][c:2]([aH0])!@[SX2:3][!#1:4]	119.998	1.75348	-	-	-	-	G
C03426065      none	B	[*:1]~[CX4:2]!@[n:3]~[*:4]	-128.614	2.14174	-	-	-	-	G
C52278882      none	B	[*:1]~[CX4:2]!@[NX4:3]~[*:4]	180	15.0612	-	-	-	-	G
C52278882      none	B	[*:1]~[CX4:2]!@[NX4:3]~[*:4]	179.998	15.0612	-	-	-	-	G
C52278882      none	B	[CX3:1]=[CX3:2]!@[CH2:3][!#1:4]	0.000983292	6.32025	-	-	-	-	G
C52276860      none	B	[$(C=O):1][NX3H1:2]!@[CX4H1:3][H:4]	60.0038	6.22422	-	-	-	-	G
C52276860      none	B	[O:1]=[CX3:2]!@[NX3H1:3][!#1:4]	0.000965808	63.7893	-	-	-	-	G
C52276860      none	B	[O:1]=[CX3:2]([NH1])!@[CH2:3][C:4]	-0.00936762	11.7061	-	-	-	-	G
C52276860      none	B	[!#1:1][CX4H2:2]!@[CX4H2:3][!#1:4]	180	58.554	-	-	-	-	G
C52276860      none	B	[!#1:1][CX4H2:2]!@[CX4H2:3][!#1:4]	59.9923	3.99483	-	-	-	-	G
C52276860      none	B	[!#1:1][CX4H2:2]!@[CX4H2:3][!#1:4]	60.0108	3.99483	-	-	-	-	G
C39087437      none	B	[NH1:1][CX4:2]!@[CX3:3]=[O:4]	2.35088	6.89233	-	-	-	-	G
C39087437      none	B	[O:1]=[C:2]!@[O:3]~[C:4]	-0.00139478	74.4927	-	-	-	-	G
C41542219      none	B	[cH0:1][c:2]!@[CX4H2:3][CX4:4]	-90.0037	18.481	-	-	-	-	G
C41542219      none	B	[!#1:1][CX4H2:2]!@[CX4H2:3][!#1:4]	179.995	58.554	-	-	-	-	G
C41542219      none	B	[C:1][CX4H2:2]!@[CX3:3]=[O:4]	60.0018	1.60569	-	-	-	-	O
C41542219      none	B	[c:1][CX4:2]!@[CX3:3]=[O:4]	-0.00890745	3.87742	-	-	-	-	G
C41542219      none	B	[a:1][c:2]!@[CX4H1:3][H:4]	89.9932	0.477016	-	-	-	-	O
C41092210      none	B	[aH1:1][c:2]([aH1])!@[SX4:3][!#1:4]	-0.000577634	0.126904	-	-	-	-	R
C41092210      none	B	[a:1][c:2]!@[NX3H1:3][$([CX4r]([C;r])([C;r])):4]	-119.999	0.284091	-	-	-	-	R
C41092210      none	B	[!#1:1][CX4H1:2]!@[NX3:3][!#1:4]	32.3324	0.296679	-	-	-	-	G
C01614439      none	B	[*^2:1]~[C^2:2]([!H])!@[C^2:3]~[*^2:4]	120	0.806964	-	-	-	-	G
C01614439      none	B	[O:1]=[C:2]!@[O:3]~[C:4]	-0.00320576	74.4927	-	-	-	-	G
C50869140      none	B	[cH0:1][c:2]([cH,nX2H0])!@[NX3H1:3][CX4:4]	179.978	49.7854	-	-	-	-	G
C22137058      none	B	[!#1:1][CH2:2]!@[n:3][cH0:4]	90.0051	14.7896	-	-	-	-	G
C22137058      none	B	[aH0:1][c:2]([aH0])!@[SX2:3][!#1:4]	-150.001	0.43837	-	-	-	-	O
C22137058      none	B	[aH0:1][c:2]([aH0])!@[SX2:3][!#1:4]	89.997	3.2491	-	-	-	-	G
C22137058      none	B	[O-:1][N+:2](=O)!@[c:3][a:4]	180	18.7168	-	-	-	-	G
C62334493      none	B	[cH0:1][c:2]!@[CX4H1:3][a:4]	-89.9932	4.66001	-	-	-	-	G
C62334493      none	B	[a:1][c:2]!@[CX4H1:3][N,O:4]	180	1.64318	-	-	-	-	G
C44043015      none	B	[!#1:1][CX4H2:2]!@[CX4H2:3][!#1:4]	-60.0028	3.77933	-	-	-	-	G
C44043015      none	B	[*:1]~[CX4:2]!@[NX4:3]~[*:4]	60.003	15.3058	-	-	-	-	G
C44043015      none	B	[*:1]~[CX4:2]!@[NX4:3]~[*:4]	-39.9968	2.20693	-	-	-	-	G
C44043015      none	B	[H:1][CX4H1:2]!@[O:3][CX4:4]	38.3079	11.9906	-	-	-	-	G
C39088420      none	B	[!#1:1][CX4:2]!@[CX4:3][!#1:4]	179.996	22.1548	-	-	-	-	G
CHEMBL258420      none	B	[C:1][CX4H2:2]!@[NX3;"N_lp":3][C:4]	160	5.62549	-	-	-	-	G
CHEMBL258420      none	B	[!#1:1][CX4H2:2]!@[NX3;"N_lp":3][!#1:4]	-80.0027	6.8682	-	-	-	-	G
CHEMBL258420      none	B	[cH0:1][c:2]!@[CX4H2:3][N,O,S:4]	-89.999	7.87941	-	-	-	-	G
C37560880      none	B	[a:1][c:2]!@[CX4H1:3][N,O:4]	29.9981	3.56196	-	-	-	-	G
C37560880      none	B	[!#1:1][CX4H1:2]!@[NX3:3][!#1:4]	-149.998	2.59662	-	-	-	-	G
C37560880      none	B	[a:1][a:2]!@[NX3:3][!#1:4]	149.994	1.85775	-	-	-	-	O
C52275561      none	B	[*:1]~[CX4:2]!@[NX4:3]~[*:4]	79.9897	2.21713	-	-	-	-	G
C52275561      none	B	[*:1]~[CX4:2]!@[NX4:3]~[*:4]	39.997	2.08461	-	-	-	-	G
C52275561      none	B	[a:1][c:2]!@[CX4H1:3][N,O:4]	29.9969	3.56196	-	-	-	-	G
CHEMBL18317      none	B	[cH1:1][c:2]([cH1])!@[O:3][C:4]	-89.9999	0.464773	-	-	-	-	R
CHEMBL18317      none	B	[c:1][CX4H2:2]!@[OX2:3][c:4]	179.997	39.7757	-	-	-	-	G
CHEMBL18317      none	B	[a:1][c:2]!@[CX4H2:3][!#1:4]	45.2822	2.0463	-	-	-	-	O
CHEMBL18317      none	B	[a:1][c:2]!@[CX4H1:3][H:4]	-0.0046877	6.54616	-	-	-	-	G
C51663679      none	B	[C:1][CX4H2:2]!@[NX3;"N_lp":3][C:4]	-80.0001	7.97203	-	-	-	-	G
C51663679      none	B	[C:1][CX4:2]!@[NX3;"N_lp":3][C:4]	84.7371	5.94326	-	-	-	-	G
C51663679      none	B	[*:1]~[CX4:2]!@[NX4:3]~[*:4]	-148.625	0.438328	-	-	-	-	O
C50909968      none	B	[*:1]~[CX4:2]!@[NX4:3]~[*:4]	40.0024	2.08461	-	-	-	-	G
C50909968      none	B	[a:1][c:2]!@[CX4H2:3][!#1:4]	90.2687	7.24386	-	-	-	-	G
C23069244      none	B	[C:1][CX4:2]!@[NX3;"N_lp":3][C:4]	-176.362	5.71656	-	-	-	-	G
C41059861      none	B	[cH0:1][c:2]!@[CX4H1:3][a:4]	89.9769	4.46981	-	-	-	-	G
C41059861      none	B	[a:1][c:2]!@[CX4H1:3][N,O:4]	59.9951	3.42939	-	-	-	-	G
C50103500      none	B	[CX4:1][CX4H2:2]!@[NX3;"N_lp":3][CX4:4]	79.9982	8.72362	-	-	-	-	G
C50103500      none	B	[!#1:1][CX4:2]!@[CX4:3][!#1:4]	-39.9973	0.976141	-	-	-	-	G
C39079526      none	B	[*:1][CX4:2]!@[O:3][CX4:4]	179.994	12.0478	-	-	-	-	G
C39079526      none	B	[!#1:1][CX4H2:2]!@[NX3:3][!#1:4]	149.996	1.58156	-	-	-	-	G
C39506303      none	B	[C:1][CH2:2]!@[O:3][CX4:4]	59.9979	0.263939	-	-	-	-	O
C39506303      none	B	[H:1][CX4H1:2]!@[O:3][CX4:4]	-59.9997	5.14933	-	-	-	-	G
C50113537      none	B	[CX3:1]=[CX3:2]!@[CH2:3][!#1:4]	120.009	8.78049	-	-	-	-	G
C50113537      none	B	[*:1]~[CX4:2]!@[NX4:3]~[*:4]	-81.78	2.10499	-	-	-	-	O
C50113537      none	B	[OX2:1][CX4:2]!@[CX4:3][N:4]	39.9984	1.66292	-	-	-	-	G
C52313019      none	B	[!#1:1][CX4:2]!@[CX4:3][!#1:4]	180	22.1548	-	-	-	-	G
C52313019      none	B	[!#1:1][CH2:2]!@[n:3][cH0:4]	90.0021	14.7896	-	-	-	-	G
C05134470      none	B	[!#1:1][CX4r:2]!@[CX4r:3][!#1:4]	-83.8886	2.26227	-	-	-	-	G
C35287156      none	B	[!#1:1][CX4:2]!@[CX4:3][!#1:4]	179.233	22.1548	-	-	-	-	G
C35287156      none	B	[C:1][CX4H2:2]!@[NX3:3][C:4]	90.0011	10.0586	-	-	-	-	G
C35287156      none	B	[!#1:1][CX4:2]!@[CX4:3][!#1:4]	60.0003	12.3771	-	-	-	-	G
C19507139      none	B	[!#1:1][CX4H2:2]!@[CX4H2:3][!#1:4]	180	58.554	-	-	-	-	G
C19507139      none	B	[!#1:1][CX4H2:2]!@[NX3H1:3][!#1:4]	-149.999	1.95018	-	-	-	-	O
C19507139      none	B	[cH0:1][c:2]([cH0])!@[NX3:3][CX4:4]	-39.7334	1.65209	-	-	-	-	O
C52288057      none	B	[a:1][c:2]!@[CX4H2:3][!#1:4]	-44.9987	1.62815	-	-	-	-	O
C52288057      none	B	[*:1]~[CX4:2]!@[NX4:3]~[*:4]	59.9954	15.3058	-	-	-	-	G
C52288057      none	B	[*:1]~[CX4:2]!@[NX4:3]~[*:4]	-40.0025	2.20693	-	-	-	-	G
CHEMBL488075      none	B	[cH0:1][c:2]([cH1])!@[O:3][C:4]	90.0021	0.6255	-	-	-	-	R
CHEMBL488075      none	B	[C:1][CX4H2:2]!@[OX2:3][c:4]	120.001	0.336913	-	-	-	-	R
CHEMBL488075      none	B	[CX3:1]=[CX3:2]!@[CH2:3][OX2:4]	90.003	3.05344	-	-	-	-	G
C57340637      none	B	[NH1:1][CX4:2]!@[CX3:3]=[O:4]	-58.5592	1.73074	-	-	-	-	O
C57340637      none	B	[*:1]~[CX3:2]!@[NX2:3]~[*:4]	149.997	0.195029	-	-	-	-	O
C32142164      none	-	-	-	-	-	-	-	-	-
C37630993      none	-	-	-	-	-	-	-	-	-
C26545981      none	B	[a:1][c:2]!@[CX4H1:3][N,O:4]	60.0102	3.42939	-	-	-	-	G
C26545981      none	B	[*:1]~[CX4:2]!@[NX4:3]~[*:4]	179.994	15.0612	-	-	-	-	G
C49916350      none	B	[!#1:1][CX4:2]!@[CX4:3][!#1:4]	59.997	12.3771	-	-	-	-	G
C49916350      none	B	[a:1][c:2]!@[CX4H1:3][H:4]	-150.008	3.82796	-	-	-	-	G
C49916350      none	B	[cH1:1][c:2]([cH1])!@[CX3:3]([CX3H0])=[O:4]	-30.0126	3.55191	-	-	-	-	G
C49916350      none	B	[O:1]=[CX3:2]!@[CX3:3]=[O:4]	120.004	1.7301	-	-	-	-	G
C49916350      none	B	[O:1]=[CX3:2]!@[NX3H1:3][!#1:4]	0.00135937	63.7893	-	-	-	-	G
C49916350      none	B	[$(C=O):1][NX3H1:2]!@[c:3]([cH1])[cH1:4]	-150.003	5.07451	-	-	-	-	G
C26647687      none	B	[a:1][c:2]!@[CX4H1:3][H:4]	-89.9985	0.504612	-	-	-	-	O
C13476782      none	-	-	-	-	-	-	-	-	-
C07699209      none	B	[$(C=O):1][NX3H1:2]!@[CX4H0:3][C:4]	60	13.3187	-	-	-	-	G
C07699209      none	B	[O:1]=[CX3:2]!@[NX3H1:3][!#1:4]	-0.000728756	63.7893	-	-	-	-	G
C07699209      none	B	[!#1:1][CX4H2:2]!@[CX3:3]=[O:4]	-149.995	0.689004	-	-	-	-	O
C07699209      none	B	[!#1:1][CX4:2]!@[SX2:3][!#1:4]	149.999	1.40678	-	-	-	-	G
C07699209      none	B	[aH1:1][c:2]([aH0])!@[SX2:3][!#1:4]	90.0001	1.8677	-	-	-	-	G
C04803997      none	B	[!#1:1][CX4:2]!@[CX4:3][!#1:4]	179.994	22.1548	-	-	-	-	G
C04803997      none	B	[!#1:1][CX4:2]!@[CX4:3][!#1:4]	159.994	1.81259	-	-	-	-	G
C51927921      none	B	[*:1]~[CX4:2]!@[n:3]~[*:4]	-59.9965	3.65221	-	-	-	-	G
C05816960      none	B	[OX2:1][CX4:2]!@[CX4:3][N:4]	33.8949	0.247191	-	-	-	-	O
C05816960      none	B	[*:1]~[CX4:2]!@[NX4:3]~[*:4]	-79.9996	2.10499	-	-	-	-	G
C05816960      none	B	[!#1:1][CX4:2]!@[CX4:3][!#1:4]	-91.3837	0.488284	-	-	-	-	O
C49396070      none	B	[a:1][a:2]!@[CX3:3]=[CX3H1:4]	89.9923	0.399663	-	-	-	-	O
C49396070      none	B	[*^2:1]~[C^2:2]([!H])!@[C^2:3]~[*^2:4]	-0.00763885	20.0453	-	-	-	-	G
C49396070      none	B	[O:1]=[CX3:2]!@[NX3H0:3][!#1:4]	-149.715	1.37927	-	-	-	-	O
C49396070      none	B	[!#1:1][CX4:2]!@[CX4:3][!#1:4]	79.9923	1.75235	-	-	-	-	G
C49396070      none	B	[C:1][CX4H2:2]!@[CX3:3]=[O:4]	60.011	1.60569	-	-	-	-	O
C39073629      none	-	-	-	-	-	-	-	-	-
C39103095      none	B	[cH0:1][c:2]!@[CX4H1:3][CX4:4]	119.998	7.01281	-	-	-	-	G
C12336608      none	B	[a:1][c:2]!@[CX4H0:3][CX4:4]	-119.741	5.28723	-	-	-	-	G
C37738473      none	B	[a:1][c:2]!@[CX4H1:3][N,O:4]	89.9961	1.22453	-	-	-	-	G
C37738473      none	B	[*:1]~[CX4:2]!@[NX4:3]~[*:4]	160.008	1.9368	-	-	-	-	G
C37738473      none	B	[*:1]~[CX4:2]!@[NX4:3]~[*:4]	180	15.0612	-	-	-	-	G
C37738473      none	B	[!#1:1][CX4:2]!@[CX4:3][!#1:4]	62.8947	12.3771	-	-	-	-	G
C51891125      none	B	[aH1:1][c:2]([aH0])!@[SX2:3][!#1:4]	-149.998	0.466926	-	-	-	-	R
C51891125      none	B	[!#1:1][CX4:2]!@[SX2:3][!#1:4]	149.998	1.40678	-	-	-	-	G
C51891125      none	B	[!#1:1][CX4:2]!@[CX4:3][!#1:4]	-64.6066	12.2558	-	-	-	-	G
C37051662      none	B	[cH0:1][c:2]([cH,nX2H0])!@[NX3H1:3][CX4:4]	90.0005	0	-	-	-	-	R
C37051662      none	B	[!#1:1][CX4H1:2]!@[NX3:3][!#1:4]	80.5084	3.82417	-	-	-	-	G
C36678378      none	B	[!#1:1][CX4:2]!@[CX4:3][!#1:4]	60.0034	12.3771	-	-	-	-	G
C36678378      none	B	[!#1:1][CX4:2]!@[CX4:3][!#1:4]	-80	1.71775	-	-	-	-	G
C36678378      none	B	[H:1][CX4H1:2]!@[OX2:3][!#1:4]	-29.9999	9.1924	-	-	-	-	G
C36678378      none	B	[cH1,n:1][c:2]!@[O:3][CH1:4]	-90.0045	0.38835	-	-	-	-	R
C11631971      none	B	[a:1][c:2]!@[CX4H1:3][N,O:4]	-178.644	1.64318	-	-	-	-	G
C01668311      none	B	[!#1:1][CH2:2]!@[n:3][a:4]	0.262948	0.0996016	-	-	-	-	R
C37863250      none	B	[*:1]~[CX4:2]!@[NX4:3]~[*:4]	79.9958	2.21713	-	-	-	-	G
C37863250      none	B	[*:1]~[CX4:2]!@[NX4:3]~[*:4]	179.999	15.0612	-	-	-	-	G
C37863250      none	B	[OX2:1][CX4:2]!@[CX4:3][N:4]	-79.9916	3.59551	-	-	-	-	G
C37863250      none	B	[OX2:1][CX4:2]!@[CX4:3][OX2:4]	-39.9966	0.393994	-	-	-	-	G
C37863250      none	B	[C:1][CH2:2]!@[O:3][CX4:4]	180	35.2689	-	-	-	-	G
C37863250      none	B	[H:1][CX4H1:2]!@[O:3][CX4:4]	60.0019	4.42842	-	-	-	-	G
C54469010      none	B	[!#1:1][CX4:2]!@[CX4:3][!#1:4]	-59.9911	12.2558	-	-	-	-	G
C54469010      none	B	[!#1:1][CX4:2]!@[CX4:3][!#1:4]	160.004	1.81259	-	-	-	-	G
C54469010      none	B	[*:1]~[CX4:2]!@[NX4:3]~[*:4]	60.0005	15.3058	-	-	-	-	G
C54469010      none	B	[*:1]~[CX4:2]!@[NX4:3]~[*:4]	180	15.0612	-	-	-	-	G
C54469010      none	B	[OX2:1][CX4:2]!@[CX4:3][N:4]	79.4089	3.55056	-	-	-	-	G
C43494210      none	B	[!#1:1][CH2:2]!@[n:3][a:4]	180	0.161853	-	-	-	-	R
C43494210      none	B	[!#1:1][CX4:2]!@[CX4:3][!#1:4]	-159.941	1.85018	-	-	-	-	G
C01728293      none	B	[!#1:1][CX4:2]!@[CX4:3][!#1:4]	-59.9416	12.2558	-	-	-	-	G
C01728293      none	B	[O:1]=[C:2]([O-])!@[CX4H1:3][H:4]	89.9978	0.86741	-	-	-	-	O
C49531278      none	B	[!#1:1][CX4:2]!@[CX4:3][!#1:4]	179.992	22.1548	-	-	-	-	G
C49531278      none	B	[a:1][c:2]!@[CX4H1:3][N,O:4]	119.995	3.12238	-	-	-	-	G
C49531278      none	B	[!#1:1][CX4H1:2]!@[NX3:3][!#1:4]	150.001	2.7681	-	-	-	-	G
C49531278      none	B	[cH1:1][c:2]([cH1])!@[NX3:3][CX4:4]	-120	1.0788	-	-	-	-	O
C49531278      none	B	[O-:1][N+:2](=O)!@[c:3]([cH,nX2H0])[cH,nX2H0:4]	179.984	23.2156	-	-	-	-	G
CHEMBL607864      none	B	[cH0:1][c:2]([cH1])!@[CX3:3]([NX3H1])=[O:4]	-59.9894	2.698	-	-	-	-	G
CHEMBL607864      none	B	[O:1]=[CX3:2]!@[NX3H1:3][!#1:4]	-0.00223368	63.7893	-	-	-	-	G
CHEMBL607864      none	B	[$([CX3]=O):1][NX3H1:2]!@[CX4H2:3][C:4] 	150.002	1.43139	-	-	-	-	O
CHEMBL607864      none	B	[!#1:1][CX4H2:2]!@[CX4H2:3][!#1:4]	59.9925	3.99483	-	-	-	-	G
CHEMBL607864      none	B	[CX4:1][CX4H2:2]!@[NX3;"N_lp":3][CX4:4]	163.633	6.03015	-	-	-	-	G
C04134977      none	B	[*:1]~[CX3:2]!@[cX3:3]~[*:4]	150.295	2.32505	-	-	-	-	O
C04195713      none	B	[a:1][c:2]!@[CX4H2:3][a:4]	89.9926	4.86842	-	-	-	-	G
C04195713      none	B	[a:1][c:2]!@[CX4H2:3][a:4]	-179.692	2.38722	-	-	-	-	O
C04195713      none	B	[aH0:1][c:2]([aH0])!@[SX2:3][!#1:4]	29.9989	0.412584	-	-	-	-	O
C04195713      none	B	[!#1:1][CX4:2]!@[SX2:3][!#1:4]	-89.9986	3.00607	-	-	-	-	G
C04195713      none	B	[!#1:1][CX4H2:2]!@[CX3:3]=[O:4]	-90.0006	1.11373	-	-	-	-	G
C04195713      none	B	[O:1]=[CX3:2]!@[NX3H1:3][!#1:4]	0.00191291	63.7893	-	-	-	-	G
C04195713      none	B	[$(C=O):1][NX3H1:2]!@[CX4H1:3][H:4]	59.9993	6.22422	-	-	-	-	G
C37646240      none	B	[a:1][c:2]!@[CX4H1:3][N,O:4]	-60.0017	3.48172	-	-	-	-	G
C37646240      none	B	[C:1][CX4:2]!@[NX3;"N_lp":3][C:4]	40.003	0.870045	-	-	-	-	G
C37646240      none	B	[a:1][c:2]!@[CX4H0:3][CX4:4]	0.000185543	4.9669	-	-	-	-	G
C37646240      none	B	[CX4:1][CX4H2:2]!@[NX3;"N_lp":3][CX4:4]	180	5.18593	-	-	-	-	G
C37646240      none	B	[!#1:1][CX4:2]!@[CX4:3][!#1:4]	157.588	1.81259	-	-	-	-	G
C63818284      none	B	[!#1:1][CX4:2]!@[CX4:3][!#1:4]	-59.9997	12.2558	-	-	-	-	G
C63818284      none	B	[!#1:1][CX4H2:2]!@[CX4H2:3][!#1:4]	180	58.554	-	-	-	-	G
C63818284      none	B	[$([CX3]=O):1][NX3H0:2](C)!@[CX4H2:3][C:4]	89.7079	14.7513	-	-	-	-	G
C63818284      none	B	[C:1][CX4:2]!@[CX3:3]=[O:4]	-93.7899	3.45082	-	-	-	-	G
C63818284      none	B	[*:1]~[CX3:2]!@[NX2:3]~[*:4]	119.997	0.114723	-	-	-	-	G
C63818284      none	B	[!#1:1][CX4:2]!@[CX4:3][!#1:4]	60.0022	12.3771	-	-	-	-	G
C40283269      none	B	[c:1][c:2]([cH0])!@[c:3][nX2H0:4]	30.2643	1.44262	-	-	-	-	O
C40283269      none	B	[nX2H0:1][c:2]!@[c:3][nX3H1:4]	180	3.26087	-	-	-	-	G
C20475323      none	B	[a:1][c:2]!@[CX4H1:3][N,O:4]	-89.9979	1.29082	-	-	-	-	G
C20475323      none	B	[!#1:1][CX4:2]!@[CX4:3][!#1:4]	-39.997	0.976141	-	-	-	-	G
C49004578      none	B	[$(C=O):1][O:2]!@[c:3]~[*:4]	120.005	4.41767	-	-	-	-	G
C49004578      none	B	[O:1]=[C:2]!@[O:3]~[!#1:4]	59.9988	0.00444356	-	-	-	-	R
C49004578      none	B	[!#1:1][CX4H2:2]!@[CX3:3]=[O:4]	60.0007	1.20812	-	-	-	-	G
C49004578      none	B	[!#1:1][CH2:2]!@[n:3][cH0:4]	-89.7296	15.4696	-	-	-	-	G
C20586405      none	B	[*:1]~[CX4:2]!@[NX3:3]~[*:4]	180	6.01433	-	-	-	-	G
C08180202      none	B	[*:1]~[CX3:2]!@[cX3:3]~[*:4]	150.293	2.32505	-	-	-	-	O
C08180202      none	B	[a:1][c:2]!@[CX3:3]=[CX3H0:4]	-89.7264	1.59557	-	-	-	-	G
C37785433      none	B	[!#1:1][CX4H1:2]!@[NX3:3][!#1:4]	-89.9937	3.22537	-	-	-	-	G
C37785433      none	B	[a:1][c:2]!@[NX3H1:3][$([CX4r]([C;r])([C;r])):4]	89.9912	0	-	-	-	-	R
C36986579      none	B	[*^2:1]~[C^2:2]([!H])!@[C^2:3]~[*^2:4]	89.9793	1.26539	-	-	-	-	G
C36986579      none	B	[!#1:1][CX4:2]!@[CX4:3][!#1:4]	179.993	22.1548	-	-	-	-	G
C36986579      none	B	[!#1:1][CX4H2:2]!@[CX4H2:3][!#1:4]	180	58.554	-	-	-	-	G
C36986579      none	B	[O:1]=[CX3:2]!@[NX3H0:3][!#1:4]	30.3244	0.680979	-	-	-	-	O
C43640607      none	B	[$([CX3]=O):1][NX3H0:2](C)!@[CX4H2:3][C:4]	-89.9954	15.9949	-	-	-	-	G
C43640607      none	B	[!#1:1][CX4H2:2]!@[CX4H2:3][!#1:4]	180	58.554	-	-	-	-	G
C43640607      none	B	[!#1:1][CX4H2:2]!@[CX4H2:3][!#1:4]	59.9972	3.99483	-	-	-	-	G
C43640607      none	B	[!#1:1][CX4H2:2]!@[CX4H2:3][!#1:4]	60.0011	3.99483	-	-	-	-	G
C00703946      none	B	[CX3:1]=[CX3:2]!@[CH2:3][!#1:4]	120.003	8.78049	-	-	-	-	G
C00703946      none	B	[!#1:1][CH2:2]!@[n:3][cH0:4]	-44.6805	0.0212495	-	-	-	-	R
C00703946      none	B	[a:1][ar6:2]!@[ar5:3][a:4]	120.287	2.26536	-	-	-	-	O
C00703946      none	B	[aH0:1][c:2]([aH0])!@[SX2:3][!#1:4]	179.999	14.0278	-	-	-	-	G
C00703946      none	B	[!#1:1][CX4:2]!@[SX2:3][!#1:4]	180	11.1654	-	-	-	-	G
C00703946      none	B	[cH0:1][c:2]!@[CX4H2:3][N,O,S:4]	-89.7221	7.87941	-	-	-	-	G
C40494223      none	B	[!#1:1][CX4:2]!@[CX4:3][!#1:4]	59.999	12.3771	-	-	-	-	G
C40494223      none	B	[!#1:1][CX4H2:2]!@[NX3H1:3][!#1:4]	180	11.3535	-	-	-	-	G
C40494223      none	B	[cH1:1][c:2]([cH1])!@[NX3:3][CX4:4]	0.27548	14.0646	-	-	-	-	G
C40494223      none	B	[O-:1][N+:2](=O)!@[c:3]([cH0])[cH,nX2H0:4]	90.0208	0.274725	-	-	-	-	O
C19930105      none	B	[cH0:1][c:2]!@[CX4H1:3][a:4]	-59.9993	3.47123	-	-	-	-	G
C19930105      none	B	[a:1][c:2]!@[CX4H1:3][N,O:4]	-150.002	3.72593	-	-	-	-	G
CHEMBL266221      none	-	-	-	-	-	-	-	-	-
C59319594      none	B	[O:1]=[CX3:2]!@[NX3H0:3][!#1:4]	-150.009	1.37927	-	-	-	-	O
C59319594      none	B	[O:1]=[CX3:2]!@[NX3H1:3][!#1:4]	0.00474206	63.7893	-	-	-	-	G
C59319594      none	B	[$([CX3]=O):1][NX3H1:2]!@[CX4H2:3][C:4] 	-149.999	1.7769	-	-	-	-	O
C59319594      none	B	[OX2:1][CX4H2:2]!@[CX4H2:3][N:4]	180	8.36763	-	-	-	-	G
C59319594      none	B	[C:1][CH2:2]!@[O:3][CX4:4]	180	35.2689	-	-	-	-	G
C59319594      none	B	[H:1][CX4H1:2]!@[O:3][CX4:4]	-60.003	5.14933	-	-	-	-	G
C65531134      none	B	[cH0:1][a:2]([cH1])!@[a:3]([sX2,o,nX2H0,nX3H1:4])([cH1])	0.00411379	10.4563	-	-	-	-	G
C40715753      none	B	[a:1][c:2]!@[NX3H1:3][$([CX4r]([C;r])([C;r])):4]	90.0019	0	-	-	-	-	R
C40715753      none	B	[!#1:1][CX4H1:2]!@[NX3:3][!#1:4]	80.0916	3.82417	-	-	-	-	G
C02806439      none	B	[!#1:1][CH2:2]!@[n:3][a:4]	45.3297	0.859064	-	-	-	-	O
C02806439      none	B	[a:1][ar5:2]!@[ar5:3][a:4]	90.3087	1.01145	-	-	-	-	G
C43762116      none	B	[!#1:1][CX4:2]!@[CX4:3][!#1:4]	159.999	1.81259	-	-	-	-	G
C43762116      none	B	[!#1:1][CX4:2]!@[CX4:3][!#1:4]	-161.388	1.85018	-	-	-	-	G
C43762116      none	B	[CX3:1]=[CX3:2]!@[CH1:3](C)[C:4]	-122.808	10.437	-	-	-	-	G
C49382723      none	B	[aH1:1][c:2]([aH1])!@[SX2:3][!#1:4]	30.0043	2.06819	-	-	-	-	G
C49382723      none	B	[$(C=O):1][NX3H1:2]!@[c:3]([cH1])[cH1:4]	30.2682	5.05437	-	-	-	-	G
C49382723      none	B	[O:1]=[CX3:2]!@[NX3H1:3][!#1:4]	0.00179615	63.7893	-	-	-	-	G
C49382723      none	B	N[C:2](=[O:1])!@[CH2:3][N:4]	-60.0004	0.14881	-	-	-	-	O
C49382723      none	B	[$([CX3]=O):1][NX3H0:2](C)!@[CX4H2:3][C:4]	179.7	0	-	-	-	-	R
C49382723      none	B	[$(C=O):1][NX3H0:2]!@[c:3]([cH1])[cH1:4]	150.309	1.18925	-	-	-	-	G
C48628741      none	B	[O:1]=[CX3:2]!@[NX3H0:3][!#1:4]	30.0094	0.680979	-	-	-	-	O
C48628741      none	B	[!#1:1][CX4H2:2]!@[CX3:3]=[O:4]	29.997	3.68098	-	-	-	-	G
C48628741      none	B	[!#1:1][CH2:2]!@[n:3][a:4]	-89.687	13.2844	-	-	-	-	G
C48628741      none	B	[O-:1][N+:2](=O)!@[c:3]([cH0])[cH,nX2H0:4]	0.255634	12.6374	-	-	-	-	G
C08737763      none	-	-	-	-	-	-	-	-	-
C34187025      none	-	-	-	-	-	-	-	-	-
C51919806      none	B	[!#1:1][CH2:2]!@[n:3][a:4]	180	0.161853	-	-	-	-	R
C51919806      none	B	[!#1:1][CX4H2:2]!@[CX4H2:3][!#1:4]	-59.9994	3.77933	-	-	-	-	G
C51919806      none	B	[!#1:1][CX4:2]!@[CX4:3][!#1:4]	-60.0943	12.2558	-	-	-	-	G
C39735092      none	B	[!#1:1][CX4:2]!@[SX2:3][!#1:4]	179.999	11.1654	-	-	-	-	G
C39735092      none	B	[!#1:1][CX4:2]!@[SX2:3][!#1:4]	-60.0015	7.13757	-	-	-	-	G
C39735092      none	B	[!#1:1][CX4:2]!@[CX4:3][!#1:4]	-134.328	0.0995365	-	-	-	-	R
C50103542      none	B	[*:1]~[CX4:2]!@[NX4:3]~[*:4]	59.9984	15.3058	-	-	-	-	G
C50103542      none	B	[!#1:1][CX4:2]!@[CX4:3][!#1:4]	148.619	0.50879	-	-	-	-	O
C52154501      none	B	[!#1:1][CX4:2]!@[CX3H0:3][!#1:4]	89.9999	2.78327	-	-	-	-	G
C52154501      none	B	[H:1][CX4H1:2]!@[O:3][CX4:4]	-39.9923	11.8876	-	-	-	-	G
C52154501      none	B	[C:1][CH2:2]!@[O:3][CX4:4]	180	35.2689	-	-	-	-	G
C52154501      none	B	[!#1:1][CX4:2]!@[CX4:3][!#1:4]	-60.4505	12.2558	-	-	-	-	G
C37004936      none	B	[a:1][c:2]!@[CX4H1:3][N,O:4]	120.004	3.12238	-	-	-	-	G
C37004936      none	B	[!#1:1][CX4H1:2]!@[NX3:3][!#1:4]	-119.991	4.10724	-	-	-	-	O
C37004936      none	B	[cH0:1][c:2]([cH,nX2H0])!@[NX3H1:3][CX4:4]	-120.002	0	-	-	-	-	R
C37004936      none	B	[cH1:1][a:2]([cH1])!@[a:3]([sX2,o,nX2H0,nX3H1:4])([cH1])	180	11.5003	-	-	-	-	G
C44980703      none	B	[!#1:1][CX4:2]!@[CX4:3][!#1:4]	-60.0011	12.2558	-	-	-	-	G
C44980703      none	B	[a:1][c:2]!@[CX4H1:3][N,O:4]	30.2861	3.56196	-	-	-	-	G
C19783819      none	B	[!#1:1][CX4H2:2]!@[CX4H2:3][!#1:4]	180	58.554	-	-	-	-	G
C19783819      none	B	[!#1:1][CX4H2:2]!@[CX4H2:3][!#1:4]	180	58.554	-	-	-	-	G
C19783819      none	B	[N:1][C:2](=O)!@[CX4H2:3][CX4H2:4]	-150	5.31335	-	-	-	-	G
C19783819      none	B	[O:1]=[CX3:2]!@[NX3H0:3][!#1:4]	150.277	1.73707	-	-	-	-	O
C19783819      none	B	[!#1:1][CX4:2]!@[CX4:3][!#1:4]	160.001	1.81259	-	-	-	-	G
C22921651      none	-	-	-	-	-	-	-	-	-
C21022134      none	B	[!#1:1][CX4:2]!@[CX4:3][!#1:4]	60.0028	12.3771	-	-	-	-	G
C21022134      none	B	[*:1]~[CX4:2]!@[NX4:3]~[*:4]	-60.003	15.3415	-	-	-	-	G
C21022134      none	B	[*:1]~[CX4:2]!@[NX4:3]~[*:4]	180	15.0612	-	-	-	-	G
C21022134      none	B	[!#1:1][CX4:2]!@[CX4:3][!#1:4]	8.6151	0.0551082	-	-	-	-	R
C01084563      none	B	[!#1:1][CX4:2]!@[SX2:3][!#1:4]	60.0063	7.53739	-	-	-	-	G
C01084563      none	B	[aH1:1][c:2]([aH0])!@[SX2:3][!#1:4]	89.9961	1.8677	-	-	-	-	G
C50267075      none	B	[OX2:1][CX4:2]!@[CX4:3][N:4]	62.0116	15.2809	-	-	-	-	G
C50267075      none	B	[*:1]~[CX4:2]!@[NX4:3]~[*:4]	-59.9977	15.3415	-	-	-	-	G
C50267075      none	B	[*:1]~[CX4:2]!@[NX4:3]~[*:4]	148.627	0.759429	-	-	-	-	O
C39079237      none	B	[!#1:1][CX4:2]!@[CX3H0:3][!#1:4]	179.999	7.26386	-	-	-	-	G
C38611995      none	-	-	-	-	-	-	-	-	-
C41092971      none	B	[cH1:1][a:2]([cH1])!@[a:3]([cH1])[cH0:4]	89.9944	0.671308	-	-	-	-	O
C41092971      none	B	[a:1][c:2]!@[NX3H1:3][$([CX4r]([C;r])([C;r])):4]	179.942	15.9091	-	-	-	-	G
C41092971      none	B	[!#1:1][CX4H1:2]!@[NX3:3][!#1:4]	-162.386	2.4687	-	-	-	-	G
C36796692      none	B	[cH1,nX2H0:1][c:2]([cH1,nX2H0])!@[NX3r:3][*:4]	120.28	2.56328	-	-	-	-	O
C36796692      none	B	[a:1][c:2]!@[CX4H2:3][!#1:4]	-90.1098	7.30446	-	-	-	-	G
C57836408      none	B	[n,o,s:1][c:2]!@[CX4H2:3][CX4:4]	134.999	0.747943	-	-	-	-	O
C57836408      none	B	[aH1:1][c:2]([aH0])!@[SX2:3][!#1:4]	119.999	1.24514	-	-	-	-	O
C57836408      none	B	[!#1:1][CX4:2]!@[SX2:3][!#1:4]	150.002	1.40678	-	-	-	-	G
C57836408      none	B	[!#1:1][CX4:2]!@[CX4:3][!#1:4]	179.604	22.1548	-	-	-	-	G
C43665447      none	B	[cH0:1][c:2]!@[CX4H1:3][a:4]	-90.2757	4.66001	-	-	-	-	G
C43665447      none	B	[*:1]~[CX4:2]!@[n:3]~[*:4]	-60.0056	3.65221	-	-	-	-	G
C41059897      none	B	[cH0:1][c:2]!@[CX4H1:3][a:4]	59.9952	3.09082	-	-	-	-	G
C41059897      none	B	[a:1][c:2]!@[CX4H1:3][N,O:4]	59.9979	3.42939	-	-	-	-	G
C37927287      none	B	[!#1:1][CX4H2:2]!@[CX4H2:3][!#1:4]	60.0083	3.99483	-	-	-	-	G
C37927287      none	B	[!#1:1][CX4H2:2]!@[CX4H2:3][!#1:4]	59.9896	3.99483	-	-	-	-	G
C37927287      none	B	[*:1]~[CX4:2]!@[NX4:3]~[*:4]	60.0131	15.3058	-	-	-	-	G
C37927287      none	B	[*:1]~[CX4:2]!@[NX4:3]~[*:4]	180	15.0612	-	-	-	-	G
C37927287      none	B	[cH0:1][c:2]!@[CX4H2:3][N,O,S:4]	-89.9957	7.87941	-	-	-	-	G
C43496175      none	B	[$([CX3]=O):1][NX3H0:2](C)!@[CX4H2:3][C:4]	60.0076	0.600343	-	-	-	-	O
C43496175      none	B	[!#1:1][CX4:2]!@[CX4:3][!#1:4]	-161.031	1.85018	-	-	-	-	G
C39082779      none	B	[!#1:1][CX4H2:2]!@[CX4H2:3][!#1:4]	179.998	58.554	-	-	-	-	G
C39082779      none	B	[!#1:1][CX4H2:2]!@[CX4H2:3][!#1:4]	180	58.554	-	-	-	-	G
C39082779      none	B	[C:1][CX4H2:2]!@[NX3:3][C:4]	29.7319	0.00637024	-	-	-	-	R
C50267118      none	B	[!#1:1][CX4:2]!@[CX4:3][!#1:4]	59.9964	12.3771	-	-	-	-	G
C50267118      none	B	[*:1]~[CX4:2]!@[NX4:3]~[*:4]	-40.0009	2.20693	-	-	-	-	G
C50267118      none	B	[*:1]~[CX4:2]!@[NX4:3]~[*:4]	179.994	15.0612	-	-	-	-	G
C50267118      none	B	[OX2:1][CX4:2]!@[CX4:3][N:4]	60.9547	15.2809	-	-	-	-	G
C05092749      none	B	[aH1:1][c:2]([aH0])!@[SX2:3][!#1:4]	179.978	3.11284	-	-	-	-	G
C19091170      none	B	[!#1:1][CX4:2]!@[CX4:3][!#1:4]	60.0006	12.3771	-	-	-	-	G
C19091170      none	B	[!#1:1][CX4:2]!@[CX4:3][!#1:4]	180	22.1548	-	-	-	-	G
C19091170      none	B	[*:1]~[CX4:2]!@[n:3]~[*:4]	-60.004	3.65221	-	-	-	-	G
C36901786      none	B	[*:1]~[CX4:2]!@[NX4:3]~[*:4]	60.0048	15.3058	-	-	-	-	G
C36901786      none	B	[*:1]~[CX4:2]!@[NX4:3]~[*:4]	180	15.0612	-	-	-	-	G
C36901786      none	B	[a:1][c:2]!@[CX4H2:3][!#1:4]	-179.713	2.35335	-	-	-	-	O
CHEMBL269538      none	B	[cH1:1][c:2]([cH1])!@[O:3][C:4]	0.00140777	26.3009	-	-	-	-	G
C04384226      none	B	[*^2:1]~[C^2:2]([!H])!@[C^2:3]~[*^2:4]	-30.0015	1.21216	-	-	-	-	G
C37252803      none	B	[*:1]~[CX4:2]!@[NX4:3]~[*:4]	160.004	1.9368	-	-	-	-	G
C37252803      none	B	[*:1]~[CX4:2]!@[NX4:3]~[*:4]	180	15.0612	-	-	-	-	G
C37252803      none	B	[a:1][c:2]!@[CX4H2:3][!#1:4]	0.311479	2.24426	-	-	-	-	O
C42728978      none	B	[cH0:1][c:2]!@[CX4H1:3][a:4]	180	0.951022	-	-	-	-	G
C42728978      none	B	[cH0:1][c:2]!@[CX4H1:3][a:4]	-90.2776	4.66001	-	-	-	-	G
C52813888      none	B	[a:1][c:2]([a])!@[O:3][CX4H0:4]	-120.002	0.967742	-	-	-	-	G
C52813888      none	B	[!#1:1][CX4H0:2]!@[OX2:3][!#1:4]	29.9997	0.153081	-	-	-	-	R
C42339029      none	B	[!#1:1][CX4:2]!@[CX4:3][!#1:4]	180	22.1548	-	-	-	-	G
C42339029      none	B	[$(C=O):1][NX3H0:2]!@[CX4H1:3][H:4]	-119.988	0	-	-	-	-	R
C52275172      none	B	[*:1]~[CX4:2]!@[NX4:3]~[*:4]	60.0028	15.3058	-	-	-	-	G
C52275172      none	B	[*:1]~[CX4:2]!@[NX4:3]~[*:4]	180	15.0612	-	-	-	-	G
C52275172      none	B	[!#1:1][CX4:2]!@[CX4:3][!#1:4]	30.0013	0.236666	-	-	-	-	G
C15445921      none	-	-	-	-	-	-	-	-	-
C62711492      none	B	[!#1:1][CX4:2]!@[CX4:3][!#1:4]	-59.9991	12.2558	-	-	-	-	G
C62711492      none	B	[C:1][CX4:2]!@[CX3:3]=[O:4]	-0.00274823	5.61823	-	-	-	-	G
C62711492      none	B	[n,o,s:1][c:2]!@[CX4H2:3][CX4:4]	89.9988	4.03889	-	-	-	-	G
C62711492      none	B	[O:1]=[C:2]!@[O:3]~[C:4]	0.00977513	74.4927	-	-	-	-	G
C39053174      none	-	-	-	-	-	-	-	-	-
C62989678      none	B	[!#1:1][CX4:2]!@[CX3H0:3][!#1:4]	158.621	4.0971	-	-	-	-	G
C37999817      none	B	[a:1][c:2]!@[CX4H2:3][!#1:4]	179.996	2.35335	-	-	-	-	O
C37999817      none	B	[*:1]~[CX4:2]!@[NX4:3]~[*:4]	60.0019	15.3058	-	-	-	-	G
C37999817      none	B	[*:1]~[CX4:2]!@[NX4:3]~[*:4]	-59.9926	15.3415	-	-	-	-	G
C37999817      none	B	[!#1:1][CX4H2:2]!@[CX4H2:3][!#1:4]	179.996	58.554	-	-	-	-	G
C37999817      none	B	[!#1:1][CX4:2]!@[CX4:3][!#1:4]	176.645	22.1548	-	-	-	-	G
C00410372      none	B	[!#1:1][CX4H2:2]!@[CX4H2:3][!#1:4]	180	58.554	-	-	-	-	G
C00410372      none	B	[!#1:1][CH2:2]!@[n:3][cH0:4]	90.3119	14.7896	-	-	-	-	G
C00410372      none	B	[a:1][ar5:2]!@[ar5:3][a:4]	150.311	1.16412	-	-	-	-	O
C00410372      none	B	[aH0:1][c:2]([aH0])!@[SX2:3][!#1:4]	120.007	1.75348	-	-	-	-	G
C00410372      none	B	[!#1:1][CX4:2]!@[SX2:3][!#1:4]	149.999	1.40678	-	-	-	-	G
C00410372      none	B	[!#1:1][CX4H2:2]!@[CX3:3]=[O:4]	59.9992	1.20812	-	-	-	-	G
C00410372      none	B	[O:1]=[CX3:2]!@[NX3H0:3][!#1:4]	-179.682	18.2537	-	-	-	-	G
C35655188      none	B	[!#1:1][CX4H2:2]!@[CX4H2:3][!#1:4]	60.002	3.99483	-	-	-	-	G
C35655188      none	B	[*:1]~[CX4:2]!@[NX4:3]~[*:4]	59.9997	15.3058	-	-	-	-	G
C35655188      none	B	[*:1]~[CX4:2]!@[NX4:3]~[*:4]	40.0014	2.08461	-	-	-	-	G
C40118348      none	-	-	-	-	-	-	-	-	-
C01754581      none	B	[*:1]~[CX4:2]!@[NX4:3]~[*:4]	178.212	15.0612	-	-	-	-	G
C16159532      none	B	[!#1:1][CX4:2]!@[CX4:3][!#1:4]	-79.997	1.71775	-	-	-	-	G
C45366190      none	B	[CX4:1][CX4H2:2]!@[NX3;"N_lp":3][CX4:4]	180	5.18593	-	-	-	-	G
C45366190      none	B	[C:1][CX4:2]!@[NX3;"N_lp":3][C:4]	160.006	4.57693	-	-	-	-	G
C45366190      none	B	[!#1:1][CX4:2]!@[CX4:3][!#1:4]	-60.0042	12.2558	-	-	-	-	G
C45366190      none	B	[!#1:1][CX4:2]!@[SX2:3][!#1:4]	-159.995	3.18377	-	-	-	-	G
C45366190      none	B	[!#1:1][CX4:2]!@[SX2:3][!#1:4]	-39.9969	0.858878	-	-	-	-	O
C44125005      none	B	[OX2:1][CX4:2]!@[CX4:3][N:4]	-60.0095	14.8764	-	-	-	-	G
C44125005      none	B	[*:1]~[CX4:2]!@[NX4:3]~[*:4]	-153.9	0.438328	-	-	-	-	G
C42546876      none	B	[C:1][CX4:2]!@[NX3;"N_lp":3][C:4]	-160	4.58918	-	-	-	-	G
C42546876      none	B	[!#1:1][CX4H2:2]!@[NX3H1;"N_lp":3][!#1:4]	79.9976	3.50263	-	-	-	-	G
C42546876      none	B	[a:1][c:2]!@[CX4H2:3][!#1:4]	0.323549	2.24426	-	-	-	-	O
C48963035      none	B	[cH0:1][c:2]!@[CX4H1:3][CX4:4]	179.997	0.512475	-	-	-	-	G
C48963035      none	B	[!#1:1][CX4H1:2]!@[NX3:3][!#1:4]	149.994	2.7681	-	-	-	-	G
C48963035      none	B	[a:1][a:2]!@[NX3:3][!#1:4]	30.0079	1.9288	-	-	-	-	O
C53336247      none	B	[!#1:1][CX4:2]!@[CX4:3][!#1:4]	-159.999	1.85018	-	-	-	-	G
C53336247      none	B	[!#1:1][CX4:2]!@[CX4:3][!#1:4]	161.708	1.81259	-	-	-	-	G
C01727902      none	-	-	-	-	-	-	-	-	-
C42543901      none	B	[C:1][CX4:2]!@[NX3;"N_lp":3][C:4]	79.999	5.94326	-	-	-	-	G
C42543901      none	B	[C:1][CX4:2]!@[NX3;"N_lp":3][C:4]	-78.0983	6.10869	-	-	-	-	G
C36163655      none	B	[a:1][c:2]!@[CX4H1:3][N,O:4]	-30.0021	3.61778	-	-	-	-	G
C36163655      none	B	[!#1:1][CX4:2]!@[CX4:3][!#1:4]	179.998	22.1548	-	-	-	-	G
C36163655      none	B	[!#1:1][CX4H2:2]!@[CX4H2:3][!#1:4]	60.0003	3.99483	-	-	-	-	G
C35653453      none	B	[*:1]~[CX4:2]!@[NX4:3]~[*:4]	180	15.0612	-	-	-	-	G
C35653453      none	B	[*:1]~[CX4:2]!@[NX4:3]~[*:4]	-111.369	0.203874	-	-	-	-	O
C17217400      none	-	-	-	-	-	-	-	-	-
C31667361      none	B	[!#1:1][CX4H0:2]!@[OX2:3][!#1:4]	59.9951	19.4328	-	-	-	-	G
C31667361      none	B	[O:1]=[C:2]!@[O:3]~[CH0:4]	60.009	0.0213038	-	-	-	-	R
C31667361      none	B	[N:1][CX4:2]!@[CX3:3]=[O:4]	-0.0173068	7.55292	-	-	-	-	G
C31667361      none	B	[!#1:1][CX4:2]!@[CX4:3][!#1:4]	179.995	22.1548	-	-	-	-	G
C08709379      none	B	[aH0:1][c:2]([aH0])!@[SX2:3][!#1:4]	119.998	1.75348	-	-	-	-	G
C08709379      none	B	[!#1:1][CX4:2]!@[SX2:3][!#1:4]	89.9992	2.8728	-	-	-	-	G
C08709379      none	B	[!#1:1][CX4H2:2]!@[CX3:3]=[O:4]	-119.997	0.59462	-	-	-	-	G
C08709379      none	B	[O:1]=[CX3:2]!@[NX3H1:3][!#1:4]	-0.00123245	63.7893	-	-	-	-	G
C08709379      none	B	[$(C=O):1][NX3H1:2]!@[CX4H0:3][C:4]	-60.0062	14.7253	-	-	-	-	G
C47821006      none	B	[a:1][a:2]!@[CX3:3]=[O:4]	-59.9948	0.753398	-	-	-	-	O
C47821006      none	B	[O:1]=[C:2]!@[O:3]~[C:4]	-30.0052	0.0890388	-	-	-	-	R
C47821006      none	B	[$(C=O):1][O:2]!@[CH1:3][H:4]	-29.9959	11.3505	-	-	-	-	G
C47821006      none	B	[a:1][c:2]!@[CX4H1:3][N,O:4]	150.001	3.7643	-	-	-	-	G
C00225043      none	B	[!#1:1][CX4:2]!@[NX3;"N_lp":3]	-161.977	2.65483	-	-	-	-	G
C44383651      none	B	[CX4:1][CX4H2:2]!@[NX3;"N_lp":3][CX4:4]	-80.0031	8.1206	-	-	-	-	G
C44383651      none	B	[C:1][CX4H2:2]!@[NX3;"N_lp":3][C:4]	-79.9907	7.97203	-	-	-	-	G
C44383651      none	B	[OX2:1][CX4:2]!@[CX4:3][N:4]	-80.0232	3.59551	-	-	-	-	O
C44383651      none	B	[!#1:1][CX4:2]!@[CX3H0:3][!#1:4]	-30.0069	1.75844	-	-	-	-	G
C39215827      none	B	[cH0:1][c:2]!@[CX4H2:3][N,O,S:4]	179.997	6.20075	-	-	-	-	G
C40932288      none	B	[*:1]~[CX4:2]!@[n:3]~[*:4]	0.00630716	3.06862	-	-	-	-	G
C40932288      none	B	[!#1:1][CX4:2]!@[CX4:3][!#1:4]	-131.382	0.0995365	-	-	-	-	R
C35677562      none	B	[O-:1][N+:2](=O)!@[c:3]([cH,nX2H0])[cH,nX2H0:4]	179.976	23.2156	-	-	-	-	G
C35677562      none	B	[cH1:1][c:2]([cH1])!@[CX4H2:3][CX4:4]	90.0664	11.713	-	-	-	-	G
C35677562      none	B	[!#1:1][CX4H2:2]!@[CX4H2:3][!#1:4]	180	58.554	-	-	-	-	G
C35677562      none	B	[!#1:1][CX4H2:2]!@[NX3H1:3][!#1:4]	-119.998	2.14327	-	-	-	-	O
C35677562      none	B	[cH0:1][c:2]([cH,nX2H0])!@[NX3H1:3][CX4:4]	159.992	3.7196	-	-	-	-	O
C53707650      none	B	[C:1][CX4:2]!@[NX3;"N_lp":3][C:4]	179.998	5.71656	-	-	-	-	G
C53707650      none	B	[CX4:1][CX4H2:2]!@[NX3;"N_lp":3][CX4:4]	180	5.18593	-	-	-	-	G
C53707650      none	B	[OX2:1][CX4H2:2]!@[CX4H2:3][N:4]	59.9965	17.6955	-	-	-	-	G
C39060205      none	B	[!#1:1][CX4r:2]!@[CX4r:3][!#1:4]	136.109	0.608472	-	-	-	-	R
C37371121      none	B	[O-:1][N+:2](=O)!@[c:3]([cH,nX2H0])[cH,nX2H0:4]	179.943	23.2156	-	-	-	-	G
C37371121      none	B	[$(C=O):1][NX3H0:2]!@[CX4H2:3][!#1:4]	29.9373	0	-	-	-	-	R
C37371121      none	B	[!#1:1][CX4H2:2]!@[CX4H2:3][!#1:4]	180	58.554	-	-	-	-	G
C37371121      none	B	[!#1:1][CX4H2:2]!@[CX4H2:3][!#1:4]	179.996	58.554	-	-	-	-	G
C37371121      none	B	[!#1:1][CX4H2:2]!@[CX4H2:3][!#1:4]	180	58.554	-	-	-	-	G
C35295444      none	B	[*:1]~[cX3:2]!@[NX2:3]~[*:4]	-89.7252	2.13435	-	-	-	-	O
C35295444      none	B	[cH0:1][c:2]([cH1])!@[O:3][C:4]	-90.0041	0.64732	-	-	-	-	R
C20208019      none	B	[a:1][c:2]!@[CX4H1:3][N,O:4]	150.008	3.7643	-	-	-	-	G
C20208019      none	B	[*:1]~[CX4:2]!@[NX4:3]~[*:4]	-39.9996	2.20693	-	-	-	-	G
C20208019      none	B	[*:1]~[CX4:2]!@[NX4:3]~[*:4]	-40.0013	2.20693	-	-	-	-	G
C20208019      none	B	[OX2:1][CX4:2]!@[CX4:3][N:4]	63.3623	15.2809	-	-	-	-	G
C61591321      none	B	[*:1]~[CX4:2]!@[n:3]~[*:4]	-90.002	3.28413	-	-	-	-	G
C26377357      none	B	[!#1:1][CX4:2]!@[CX4:3][!#1:4]	-80.0073	1.71775	-	-	-	-	G
C26377357      none	B	[*:1]~[CX4:2]!@[NX3:3]~[*:4]	149.995	2.24023	-	-	-	-	O
C43666484      none	B	[!#1:1][CX4:2]!@[CX4:3][!#1:4]	179.999	22.1548	-	-	-	-	G
C43666484      none	B	[!#1:1][CX4:2]!@[CX4:3][!#1:4]	-60.0027	12.2558	-	-	-	-	G
C43666484      none	B	[*:1]~[CX4:2]!@[n:3]~[*:4]	-90.0045	3.28413	-	-	-	-	G
C04245483      none	B	[cH0:1][c:2]([cH,nX2H0])!@[NX3H0:3][CX4:4]	90.2978	2.06517	-	-	-	-	O
C04245483      none	B	[$([cH0](Cl)):1][c:2]([cH1])!@[CX3H:3]=[O:4]	-120.005	0	-	-	-	-	R
C65238893      none	B	[s:1][c:2]!@[C:3]([NH1])=[O:4]	-0.00505943	23.0769	-	-	-	-	G
C65238893      none	B	[O:1]=[CX3:2]!@[NX3H1:3][!#1:4]	0.00758413	63.7893	-	-	-	-	G
C65238893      none	B	[$(C=O):1][NX3H1:2]!@[CX4H1:3][H:4]	179.992	0.712411	-	-	-	-	R
C65238893      none	B	[*:1]~[CX4:2]!@[NX4:3]~[*:4]	-91.3758	0.698267	-	-	-	-	O
C60716232      none	B	[*:1]~[CX4:2]!@[NX4:3]~[*:4]	60.001	15.3058	-	-	-	-	G
C60716232      none	B	[*:1]~[CX4:2]!@[NX4:3]~[*:4]	-59.9978	15.3415	-	-	-	-	G
C60716232      none	B	[!#1:1][CX4:2]!@[CX4:3][!#1:4]	179.999	22.1548	-	-	-	-	G
C44940842      none	B	[!#1:1][CX4:2]!@[CX4:3][!#1:4]	160	1.81259	-	-	-	-	G
C44940842      none	B	[$(C=O):1][NX3H1:2]!@[CX4H1:3][H:4]	-29.9968	6.97413	-	-	-	-	G
C44940842      none	B	[cH0:1][c:2]!@[CX4H2:3][CX4:4]	-89.9961	18.481	-	-	-	-	G
C44940842      none	B	[O:1]=[CX3:2]!@[NX3H1:3][!#1:4]	-0.00959293	63.7893	-	-	-	-	G
C44940842      none	B	[nH0r6:1][cr6:2]([cH1r6])!@[C:3]([NH1,NH2])=[O:4]	120.001	0	-	-	-	-	R
C44940842      none	B	[!#1:1][CH2:2]!@[n:3][cH0:4]	-89.9974	15.4696	-	-	-	-	G
C44940842      none	B	[!#1:1][CX4H2:2]!@[CX4H2:3][!#1:4]	179.999	58.554	-	-	-	-	G
C44940842      none	B	[C:1][CH2:2]!@[O:3][CX4:4]	-80.0007	1.18773	-	-	-	-	G
C39581669      none	B	[!#1:1][CX4H2:2]!@[CX4H2:3][!#1:4]	-59.9983	3.77933	-	-	-	-	G
C39581669      none	B	[!#1:1][CX4H2:2]!@[CX4H2:3][!#1:4]	179.999	58.554	-	-	-	-	G
C39581669      none	B	[$([CX3]=O):1][NX3H0:2](C)!@[CX4H2:3][C:4]	-150.313	0.0857633	-	-	-	-	R
C39581669      none	B	[a:1][c:2]!@[CX4H0:3][CX4:4]	60.0007	5.94035	-	-	-	-	G
C58413554      none	B	[aH0:1][c:2]([aH0])!@[SX2:3][!#1:4]	120	1.75348	-	-	-	-	G
C58413554      none	B	[!#1:1][CX4:2]!@[SX2:3][!#1:4]	89.9986	2.8728	-	-	-	-	G
C58413554      none	B	[!#1:1][CX4H2:2]!@[CX4H2:3][!#1:4]	59.9971	3.99483	-	-	-	-	G
C58413554      none	B	[!#1:1][CX4H2:2]!@[CX4H2:3][!#1:4]	180	58.554	-	-	-	-	G
C58413554      none	B	[$([CX3]=O):1][NX3H0:2](C)!@[CX4H2:3][C:4]	149.7	0.0857633	-	-	-	-	R
C51754498      none	B	[O:1]=[CX3:2]!@[CX4H1r3:3][H:4]	-154.313	3.33333	-	-	-	-	G
C51754498      none	B	[cH1:1][c:2]([cH1])!@[CX3:3]=[O:4]	-89.728	0.0739844	-	-	-	-	R
C19144210      none	B	[c:1][c:2]!@[c:3][s,o,nX3H1:4]	-89.5488	0.276347	-	-	-	-	R
C19144210      none	B	[cH1:1][c:2]!@[c:3]([cH1])[nX2H0:4]	29.9968	2.23708	-	-	-	-	G
C19144210      none	B	[!#1:1][CH2:2]!@[n:3][a:4]	44.9957	0.249004	-	-	-	-	O
C19144210      none	B	[!#1:1][CX4H2:2]!@[CX4H2:3][!#1:4]	180	58.554	-	-	-	-	G
C19144210      none	B	[!#1:1][CH2:2]!@[n:3][a:4]	90.3223	13.2097	-	-	-	-	G
C43763191      none	-	-	-	-	-	-	-	-	-
C39078819      none	-	-	-	-	-	-	-	-	-
C42870067      none	B	[$(S(=O)(=O)):1][NX3H0:2]!@[CX4H2:3][!#1:4]	150.001	7.32759	-	-	-	-	G
C42870067      none	B	[c:1][$(S(=O)=O):2]!@[NX3H0:3][C:4]	90.0021	4.81691	-	-	-	-	G
C42870067      none	B	[a:1][c:2]!@[CX4H2:3][!#1:4]	-89.7143	7.30446	-	-	-	-	G
C42870067      none	B	[aH1:1][c:2]([aH1])!@[SX4:3][!#1:4]	150.273	0.260857	-	-	-	-	R
C42870067      none	B	[a:1][c:2]!@[CX4H2:3][!#1:4]	89.9682	7.24386	-	-	-	-	G
C34108091      none	-	-	-	-	-	-	-	-	-
C52224619      none	B	[cH0:1][a:2]([cH0])!@[a:3]([sX2,o,nX2H0,nX3H1:4])([cH1])	-59.9947	5.32646	-	-	-	-	G
C52224619      none	B	[O-:1][N+:2](=O)!@[c:3]([cH0])[cH,nX2H0:4]	90.0227	0.274725	-	-	-	-	O
C52224619      none	B	[a:1][c:2]!@[CX4H2:3][!#1:4]	179.995	2.35335	-	-	-	-	O
C19635461      none	B	[cH1:1][c:2]([cH1])!@[c:3]([cH1:4])[cH1]	150.283	8.0493	-	-	-	-	G
C19635461      none	B	[cH1:1][c:2]!@[c:3]([cH1])[nX2H0:4]	-150.001	1.79995	-	-	-	-	G
C19635461      none	B	[!#1:1][CH2:2]!@[n:3][a:4]	89.9964	13.2097	-	-	-	-	G
C19635461      none	B	[!#1:1][CX4:2]!@[CX4:3][!#1:4]	80.02	1.75235	-	-	-	-	G
C50561159      none	B	[C:1][CH2:2]!@[O:3][CX4:4]	179.996	35.2689	-	-	-	-	G
C50561159      none	B	[H:1][CX4H1:2]!@[O:3][CX4:4]	159.997	0.0441371	-	-	-	-	R
C50561159      none	B	[cH0:1][c:2]([cH,nX2H0])!@[NX3H0:3][CX4:4]	119.718	2.29463	-	-	-	-	O
C50561159      none	B	[a:1][c:2]!@[CX4H2:3][!#1:4]	45.0151	2.0463	-	-	-	-	O
C52299815      none	B	[$(S(=O)(=O)):1][NX3H1:2]!@[CX4H1:3][H:4]	30.0052	11.9705	-	-	-	-	G
C52299815      none	B	[c:1][$(S(=O)=O):2]!@[NX3H1:3][C:4]	90.0001	2.64026	-	-	-	-	G
C52299815      none	B	[aH0:1][c:2]([aH0])!@[SX4:3][!#1:4]	-150	0.27933	-	-	-	-	R
C20376694      none	B	[*:1]~[CX4:2]!@[NX4:3]~[*:4]	-160.003	2.15596	-	-	-	-	G
C20376694      none	B	[*:1]~[CX4:2]!@[NX4:3]~[*:4]	-60.0027	15.3415	-	-	-	-	G
C20376694      none	B	[N:1][CX4:2]!@[CX3:3]=[O:4]	120.006	0.766617	-	-	-	-	G
C41206417      none	B	[!#1:1][CX4H2:2]!@[CX4H2:3][!#1:4]	180	58.554	-	-	-	-	G
C41206417      none	B	[cH1:1][c:2]([cH1])!@[CX4H2:3][CX4:4]	89.9997	11.713	-	-	-	-	G
C41206417      none	B	[a:1][c:2]!@[CX4H1:3][N,O:4]	30.0079	3.56196	-	-	-	-	G
C41206417      none	B	[OX2:1][CX4:2]!@[CX4:3][N:4]	39.9987	1.66292	-	-	-	-	G
C41206417      none	B	[*:1]~[CX4:2]!@[NX4:3]~[*:4]	-59.9972	15.3415	-	-	-	-	G
C40886406      none	B	[H:1][CX4H1:2]!@[OX2:3][!#1:4]	30.4531	9.32817	-	-	-	-	G
C40886406      none	B	[cH1,n:1][c:2]!@[O:3][CRH1:4]	150.002	1.42276	-	-	-	-	G
C40886406      none	B	[a:1][c:2]!@[CX4H2:3][!#1:4]	180	2.35335	-	-	-	-	O
C39450331      none	-	-	-	-	-	-	-	-	-
C67647355      none	B	[!#1:1][CX4H2:2]!@[CX4H2:3][!#1:4]	180	58.554	-	-	-	-	G
C67647355      none	B	[!#1:1][CX4H2:2]!@[CX4H2:3][!#1:4]	180	58.554	-	-	-	-	G
C67647355      none	B	[!#1:1][CX4:2]!@[CX4:3][!#1:4]	-159.999	1.85018	-	-	-	-	G
C67647355      none	B	[$(C=O):1][NX3H1:2]!@[CX4H1:3][H:4]	30.0074	9.46757	-	-	-	-	G
C67647355      none	B	[O:1]=[CX3:2]!@[NX3H1:3][!#1:4]	-0.00965889	63.7893	-	-	-	-	G
C67647355      none	B	[O:1]=[CX3:2]!@[NX3H0:3][!#1:4]	-149.992	1.37927	-	-	-	-	O
C67647355      none	B	[$([CX3]=O):1][NX3H0:2](C)!@[CX4H2:3][C:4]	-120.007	2.31561	-	-	-	-	O
C67647355      none	B	[!#1:1][CX4:2]!@[CX4:3][!#1:4]	59.9985	12.3771	-	-	-	-	G
C13118929      none	-	-	-	-	-	-	-	-	-
C37901966      none	B	[*:1]~[CX4:2]!@[NX4:3]~[*:4]	-60.0016	15.3415	-	-	-	-	G
C15021660      none	B	[*:1]~[CX4:2]!@[NX4:3]~[*:4]	-59.3588	15.3415	-	-	-	-	G
C19707527      none	B	[C:1][CX4H2:2]!@[NX3;"N_lp":3][C:4]	164.303	5.62549	-	-	-	-	G
C19707527      none	B	[cH1,nX2H0:1][c:2]([cH1,nX2H0])!@[NX3r:3][*:4]	-60.0042	2.69113	-	-	-	-	O
C19707527      none	B	[O-:1][N+:2](=O)!@[c:3]([cH,nX2H0])[cH,nX2H0:4]	179.973	23.2156	-	-	-	-	G
C32784619      none	B	[cH0:1][c:2]([cH1])!@[O:3][C:4]	-90.0032	0.64732	-	-	-	-	R
C32784619      none	B	[cH0:1][c:2]([cH1])!@[O:3][C:4]	-90.0071	0.64732	-	-	-	-	R
C32784619      none	B	[$(C=O):1][NX3:2]!@[$([a]([cH1])):3][$([aH0](!@O)):4]	120.005	1.95122	-	-	-	-	O
C32784619      none	B	[O:1]=[CX3:2]!@[NX3H1:3][!#1:4]	-0.00875589	63.7893	-	-	-	-	G
C32784619      none	B	[O:1]=[CX3:2]([NH1])!@[CH2:3][C:4]	-89.9968	1.868	-	-	-	-	O
C32784619      none	B	[!#1:1][CX4H2:2]!@[CX4H2:3][!#1:4]	179.996	58.554	-	-	-	-	G
C32784619      none	B	[$([CX3]=O):1][NX3H0:2](C)!@[CX4H2:3][C:4]	119.706	2.74443	-	-	-	-	O
C19876381      none	B	[!#1:1][CX4:2]!@[CX4:3][!#1:4]	-148.62	0.492983	-	-	-	-	O
C19876381      none	B	[*:1]~[CX4:2]!@[NX4:3]~[*:4]	-40.0025	2.20693	-	-	-	-	G
C19876381      none	B	[*:1]~[CX4:2]!@[NX4:3]~[*:4]	40.0009	2.08461	-	-	-	-	G
C49716755      none	B	[O:1]=[CX3:2]!@[NX3H0:3][!#1:4]	0.00940207	25.0866	-	-	-	-	G
C49716755      none	B	N[C:2](=[O:1])!@[CH2:3][N:4]	0.00102284	9.82143	-	-	-	-	G
C49716755      none	B	[C:1][CX4H2:2]!@[NX3;"N_lp":3][C:4]	156.3	5.62549	-	-	-	-	G
C00410309      none	B	[*:1]~[CX4:2]!@[NX4:3]~[*:4]	179.998	15.0612	-	-	-	-	G
C00410309      none	B	[OX2:1][CX4:2]!@[CX4:3][N:4]	-62.092	14.8764	-	-	-	-	G
C42546425      none	B	[C:1][CX4:2]!@[NX3;"N_lp":3][C:4]	159.999	4.57693	-	-	-	-	G
C42546425      none	B	[CX4:1][CX4H2:2]!@[NX3;"N_lp":3][CX4:4]	80.0013	8.72362	-	-	-	-	G
C42546425      none	B	[!#1:1][CX4:2]!@[CX4:3][!#1:4]	39.9929	0.998355	-	-	-	-	G
C51883980      none	B	[C:1][CX4:2]!@[CX3:3]=[O:4]	60.0003	2.38699	-	-	-	-	G
C51883980      none	B	[O:1]=[CX3:2]!@[NX3H0:3][!#1:4]	150.322	1.73707	-	-	-	-	O
C51883980      none	B	[!#1:1][CX4:2]!@[CX4:3][!#1:4]	180	22.1548	-	-	-	-	G
C39114264      none	B	[!#1:1][CX4H2:2]!@[NX3;"N_lp":3][!#1:4]	-159.998	6.28481	-	-	-	-	G
C39114264      none	B	[!#1:1][CH2:2]!@[n:3][a:4]	45.3059	0.859064	-	-	-	-	O
C35287151      none	B	[C:1][CX4H2:2]!@[NX3:3][C:4]	89.9918	10.0586	-	-	-	-	G
C35287151      none	B	[!#1:1][CX4:2]!@[CX4:3][!#1:4]	60.0048	12.3771	-	-	-	-	G
C54822655      none	B	[*:1]~[CX4:2]!@[NX4:3]~[*:4]	39.9976	2.08461	-	-	-	-	G
C54822655      none	B	[*:1]~[CX4:2]!@[NX4:3]~[*:4]	148.615	0.759429	-	-	-	-	O
C29210935      none	-	-	-	-	-	-	-	-	-
C53298054      none	B	[!#1:1][CX4r:2]!@[CX4r:3][!#1:4]	108.62	0.304236	-	-	-	-	O
C50267074      none	B	[OX2:1][CX4:2]!@[CX4:3][N:4]	-82.0094	3.59551	-	-	-	-	O
C50267074      none	B	[*:1]~[CX4:2]!@[NX4:3]~[*:4]	60.0017	15.3058	-	-	-	-	G
C50267074      none	B	[*:1]~[CX4:2]!@[NX4:3]~[*:4]	108.626	0.158002	-	-	-	-	O
C37755849      none	B	[!#1:1][CX4:2]!@[CX4:3][!#1:4]	60.0003	12.3771	-	-	-	-	G
C37755849      none	B	[*:1]~[CX4:2]!@[NX4:3]~[*:4]	160.001	1.9368	-	-	-	-	G
C37755849      none	B	[*:1]~[CX4:2]!@[NX4:3]~[*:4]	180	15.0612	-	-	-	-	G
C37755849      none	B	[!#1:1][CX4:2]!@[CX4:3][!#1:4]	-160.008	1.85018	-	-	-	-	G
C20035915      none	B	[!#1:1][CX4:2]!@[CX4:3][!#1:4]	59.9983	12.3771	-	-	-	-	G
C20035915      none	B	[*:1]~[CX4:2]!@[NX4:3]~[*:4]	59.9949	15.3058	-	-	-	-	G
C20035915      none	B	[*:1]~[CX4:2]!@[NX4:3]~[*:4]	179.997	15.0612	-	-	-	-	G
C20035915      none	B	[OX2:1][CX4:2]!@[CX4:3][N:4]	-62.0926	14.8764	-	-	-	-	G
C39134061      none	B	[!#1:1][CX4:2]!@[CX4:3][!#1:4]	59.9961	12.3771	-	-	-	-	G
C52173792      none	B	[!#1:1][CX4:2]!@[CX4:3][!#1:4]	59.9969	12.3771	-	-	-	-	G
C52173792      none	B	[*:1]~[CX4:2]!@[NX4:3]~[*:4]	-59.9973	15.3415	-	-	-	-	G
C52173792      none	B	[!#1:1][CX4H2:2]!@[CX4H2:3][!#1:4]	180	58.554	-	-	-	-	G
C52173792      none	B	[!#1:1][CX4:2]!@[CX4:3][!#1:4]	-59.5553	12.2558	-	-	-	-	G
C62961424      none	B	[a:1][c:2]!@[NX3H1:3][$([CX4r]([C;r])([C;r])):4]	-120.002	0.284091	-	-	-	-	R
C62961424      none	B	[!#1:1][CX4H1:2]!@[NX3:3][!#1:4]	81.5548	3.82417	-	-	-	-	G
C61989378      none	B	[!#1:1][CX4:2]!@[CX4:3][!#1:4]	-60.003	12.2558	-	-	-	-	G
C61989378      none	B	[!#1:1][CX4H2:2]!@[CX4H2:3][!#1:4]	180	58.554	-	-	-	-	G
C61989378      none	B	[!#1:1][CX4H2:2]!@[CX4H2:3][!#1:4]	59.9994	3.99483	-	-	-	-	G
C61989378      none	B	[*:1]~[CX4:2]!@[NX4:3]~[*:4]	59.9986	15.3058	-	-	-	-	G
C61989378      none	B	[*:1]~[CX4:2]!@[NX4:3]~[*:4]	40.0017	2.08461	-	-	-	-	G
C41213148      none	B	[cH0:1][c:2]!@[CX4H2:3][CX4:4]	-89.9958	18.481	-	-	-	-	G
C41213148      none	B	[cH0:1][c:2]([cH,nX2H0])!@[NX3H1:3][CX4:4]	-160.001	4.72103	-	-	-	-	O
C41213148      none	B	[!#1:1][CX4H2:2]!@[NX3H1:3][!#1:4]	150.005	1.87295	-	-	-	-	O
C41213148      none	B	[!#1:1][CX4:2]!@[CX4:3][!#1:4]	-177.74	22.1548	-	-	-	-	G
C15781144      none	-	-	-	-	-	-	-	-	-
C50845336      none	B	[cH0:1][c:2]!@[CX4H2:3][CX4:4]	90.2887	18.5823	-	-	-	-	G
C50845336      none	B	[a:1][c:2]!@[CX4H1:3][H:4]	-25.6648	3.94031	-	-	-	-	G
C43461728      none	B	[a:1][c:2]!@[CX4H0:3][CX4:4]	-0.00937629	4.9669	-	-	-	-	G
C57218448      none	B	[!#1:1][CX4:2]!@[CX3H0:3][!#1:4]	30.0037	1.49834	-	-	-	-	G
C51042472      none	B	[a:1][c:2]!@[CX4H2:3][!#1:4]	44.9971	1.59785	-	-	-	-	O
C51042472      none	B	[cH1,nX2H0:1][c:2]([cH1,nX2H0])!@[NX3r:3][*:4]	150.313	1.71312	-	-	-	-	O
C50972614      none	B	[n,o,s:1][c:2]!@[CX4H2:3][CX4:4]	-134.997	1.2715	-	-	-	-	O
C50972614      none	B	[!#1:1][CX4:2]!@[CX4:3][!#1:4]	-80.002	1.71775	-	-	-	-	G
C50972614      none	B	[!#1:1][CX4:2]!@[CX4:3][!#1:4]	-160.025	1.85018	-	-	-	-	G
C53780111      none	B	[C:1][CX4:2]!@[CX3:3]=[O:4]	-120.004	3.42432	-	-	-	-	G
C53780111      none	B	[C:1][CX4H2:2]!@[CX3:3]=[O:4]	60.0014	1.60569	-	-	-	-	O
C53780111      none	B	[!#1:1][CX4:2]!@[CX4:3][!#1:4]	-163.345	1.85018	-	-	-	-	G
C39116575      none	B	[$(C=O):1][O:2]!@[CH2:3]~[C:4]	120.001	1.25443	-	-	-	-	O
C39116575      none	B	[O:1]=[C:2]!@[O:3]~[C:4]	59.9955	0.00468626	-	-	-	-	R
C39116575      none	B	[N:1][CX4:2]!@[CX3:3]=[O:4]	1.06767	7.55292	-	-	-	-	G
C51887733      none	B	[*:1]~[CX4:2]!@[NX4:3]~[*:4]	-160.001	2.15596	-	-	-	-	G
C51887733      none	B	[!#1:1][CX4:2]!@[CX4:3][!#1:4]	60.0023	12.3771	-	-	-	-	G
C51887733      none	B	[CX3:1]=[CX3:2]!@[CH2:3][!#1:4]	120.001	8.78049	-	-	-	-	G
C43497256      none	B	[!#1:1][CX4:2]!@[SX2:3][!#1:4]	180	11.1654	-	-	-	-	G
C43497256      none	B	[!#1:1][CX4:2]!@[SX2:3][!#1:4]	-80.0038	6.01214	-	-	-	-	G
C43497256      none	B	[!#1:1][CX4:2]!@[CX4:3][!#1:4]	-161.034	1.85018	-	-	-	-	G
C63067781      none	B	[CX3:1]=[CX3:2]!@[CH2:3][C:4]	-90.0332	7.30051	-	-	-	-	G
C63067781      none	B	[C:1][CX4H2:2]!@[CX3:3]=[O:4]	-119.998	0.79457	-	-	-	-	O
C53203451      none	B	[$(C=O):1][NX3H1:2]!@[c:3]([cH1])[cH1:4]	-150.034	5.07451	-	-	-	-	G
C53203451      none	B	[O:1]=[CX3:2]!@[NX3H1:3][!#1:4]	-0.00490757	63.7893	-	-	-	-	G
C53203451      none	B	N[C:2](=[O:1])!@[CH2:3][N:4]	120.006	0.595238	-	-	-	-	G
C53203451      none	B	[C:1][CX4H2:2]!@[NX3;"N_lp":3][C:4]	-55.7973	5.43901	-	-	-	-	G
C53203451      none	B	[*:1]~[CX4:2]!@[NX4:3]~[*:4]	-59.9998	15.3415	-	-	-	-	G
C66336344      none	B	[H:1][CX4H1:2]!@[OX2:3][!#1:4]	59.9912	2.10701	-	-	-	-	G
C66336344      none	B	[cH1,n:1][c:2]!@[O:3][CH1:4]	89.9992	0.0970874	-	-	-	-	R
C66336344      none	B	[a:1][a:2]!@[CX3:3]=[CX3H1:4]	159.996	2.96592	-	-	-	-	G
C66336344      none	B	[*^2:1]~[C^2:2]([!H])!@[C^2:3]~[*^2:4]	-29.9923	1.21216	-	-	-	-	G
C66336344      none	B	[O:1]=[CX3:2]!@[NX3H1:3][!#1:4]	-0.00748975	63.7893	-	-	-	-	G
C66336344      none	B	[$(C=O):1][NX3H1:2]!@[c:3](s)[n:4]	0.0039541	0.574713	-	-	-	-	R
C66336344      none	B	[a:1][c:2]!@[CX4H1:3][H:4]	180	7.22227	-	-	-	-	G
C54433294      none	B	[cH0:1][c:2]!@[CX4H2:3][a:4]	-135.001	0.554675	-	-	-	-	G
C54433294      none	B	[!#1:1][CH2:2]!@[n:3][cH0:4]	90.3106	14.7896	-	-	-	-	G
C02510903      none	-	-	-	-	-	-	-	-	-
C20223266      none	B	[a:1][c:2]!@[CX4H2:3][!#1:4]	-89.9901	7.30446	-	-	-	-	G
C20223266      none	B	[!#1:1][CX4H2:2]!@[NX3;"N_lp":3][!#1:4]	-155.785	6.28481	-	-	-	-	G
C20223266      none	B	[!#1:1][CX4H2:2]!@[NX3:3][!#1:4]	-0.0012048	0.0467917	-	-	-	-	G
C20223266      none	B	[a:1][c:2]!@[CX4H2:3][!#1:4]	90.3068	7.24386	-	-	-	-	G
C44234321      none	B	[!#1:1][CX4H2:2]!@[CX4H2:3][!#1:4]	-59.9996	3.77933	-	-	-	-	G
C44234321      none	B	[C:1][CH2:2]!@[O:3][CX4:4]	160.002	5.67469	-	-	-	-	G
C44234321      none	B	[H:1][CX4H1:2]!@[O:3][CX4:4]	160.002	0.0441371	-	-	-	-	R
C44234321      none	B	[!#1:1][CX4:2]!@[CX4:3][!#1:4]	60.0007	12.3771	-	-	-	-	G
C38124744      none	B	[OX2:1][CX4:2]!@[CX4:3][N:4]	180	9.8427	-	-	-	-	G
C38124744      none	B	[cH0:1][c:2]!@[CX4H0:3][N,O,S:4]	59.7244	7.12166	-	-	-	-	G
C62830810      none	B	[!#1:1][CX4:2]!@[CX4:3][!#1:4]	-39.9962	0.976141	-	-	-	-	G
C62830810      none	B	[C:1][CX4:2]!@[NX3;"N_lp":3][C:4]	180	5.71656	-	-	-	-	G
C62830810      none	B	[!#1:1][CX4:2]!@[SX2:3][!#1:4]	160	2.91722	-	-	-	-	G
C62830810      none	B	[!#1:1][CX4:2]!@[SX2:3][!#1:4]	-63.174	7.13757	-	-	-	-	G
C53204336      none	B	[*:1]~[CX4:2]!@[NX4:3]~[*:4]	179.999	15.0612	-	-	-	-	G
C53204336      none	B	[CX4:1][CX4H2:2]!@[NX3;"N_lp":3][CX4:4]	-80.0047	8.1206	-	-	-	-	G
C36916287      none	B	[cH0:1][c:2]!@[CX4H2:3][CX4:4]	45.3066	0.0506329	-	-	-	-	R
C36916287      none	B	[cH0:1][c:2]!@[CX4H1:3][CX4:4]	156.668	2.1443	-	-	-	-	G
C50267121      none	B	[!#1:1][CX4:2]!@[CX4:3][!#1:4]	-60.0007	12.2558	-	-	-	-	G
C50267121      none	B	[*:1]~[CX4:2]!@[NX4:3]~[*:4]	-59.9995	15.3415	-	-	-	-	G
C50267121      none	B	[*:1]~[CX4:2]!@[NX4:3]~[*:4]	180	15.0612	-	-	-	-	G
C50267121      none	B	[OX2:1][CX4:2]!@[CX4:3][N:4]	39.4127	1.66292	-	-	-	-	O
C01764697      none	B	[!#1:1][CX4:2]!@[CX4:3][!#1:4]	-59.9986	12.2558	-	-	-	-	G
C01764697      none	B	[C:1][CX4H2:2]!@[CX3:3]=[O:4]	119.993	0.695249	-	-	-	-	O
C43569623      none	B	[cH1:1][c:2]([cH0])!@[O:3][c:4]	-89.9728	3.22581	-	-	-	-	G
C43569623      none	B	[aH0:1][c:2]!@[OX2:3][!#1:4]	0.00741079	2.68047	-	-	-	-	G
C31455621      none	B	[cH0:1][c:2]!@[CX4H2:3][N,O,S:4]	-90.0259	7.87941	-	-	-	-	G
C31455621      none	B	[!#1:1][CX4:2]!@[SX2:3][!#1:4]	180	11.1654	-	-	-	-	G
C31455621      none	B	[aH0:1][c:2]([aH0])!@[SX2:3][!#1:4]	60.0046	2.01135	-	-	-	-	G
C31455621      none	B	[*:1]~[CX4:2]!@[n:3]~[*:4]	128.613	2.16844	-	-	-	-	G
C41289527      none	B	[cH0:1][c:2]!@[CX4H1:3][CX4:4]	-90.0041	3.91099	-	-	-	-	G
C41289527      none	B	[OX2:1][CX4:2]!@[CX4:3][N:4]	-39.9381	1.41573	-	-	-	-	O
C53779977      none	B	[!#1:1][CX4H2:2]!@[CX4H2:3][!#1:4]	179.994	58.554	-	-	-	-	G
C53779977      none	B	[!#1:1][CX4H2:2]!@[CX4H2:3][!#1:4]	179.999	58.554	-	-	-	-	G
C53779977      none	B	[!#1:1][CX4H2:2]!@[CX4H2:3][!#1:4]	60.0066	3.99483	-	-	-	-	G
C53779977      none	B	[C:1][CX4H2:2]!@[CX3:3]=[O:4]	29.9984	4.22116	-	-	-	-	G
C53779977      none	B	[C:1][CX4:2]!@[CX3:3]=[O:4]	-0.00189538	5.61823	-	-	-	-	G
C38046431      none	B	[cH0:1][c:2]([cH,nX2H0])!@[NX3H1:3][CX4:4]	179.979	49.7854	-	-	-	-	G
C38046431      none	B	[O-:1][N+:2](=O)!@[c:3]([cH0])[cH,nX2H0:4]	89.9633	0.274725	-	-	-	-	O
C38046431      none	B	[!#1:1][CX4H2:2]!@[NX3H1:3][!#1:4]	149.997	1.87295	-	-	-	-	O
C38046431      none	B	[!#1:1][CX4:2]!@[CX4:3][!#1:4]	60.1267	12.3771	-	-	-	-	G
C50371083      none	B	[H:1][CX4H1:2]!@[O:3][CX4:4]	39.9974	11.9906	-	-	-	-	G
C50371083      none	B	[*:1]~[CX4:2]!@[NX4:3]~[*:4]	40.003	2.08461	-	-	-	-	G
C50371083      none	B	[*:1]~[CX4:2]!@[NX4:3]~[*:4]	59.9947	15.3058	-	-	-	-	G
C50371083      none	B	[!#1:1][CX4:2]!@[CX4:3][!#1:4]	128.623	0.0995365	-	-	-	-	R
C47913074      none	B	[O:1]=[C:2]([O-])!@[c:3]([cH1])[$([cH0][NH1,NH2]):4]	0.00464752	10	-	-	-	-	G
C39505167      none	B	[C:1][CH2:2]!@[O:3][CX4:4]	59.9995	0.263939	-	-	-	-	O
C39505167      none	B	[H:1][CX4H1:2]!@[O:3][CX4:4]	-59.9982	5.14933	-	-	-	-	G
C37624721      none	-	-	-	-	-	-	-	-	-
C54822679      none	B	[*:1]~[CX4:2]!@[NX4:3]~[*:4]	180	15.0612	-	-	-	-	G
C54822679      none	B	[*:1]~[CX4:2]!@[NX4:3]~[*:4]	60.0037	15.3058	-	-	-	-	G
C54472726      none	B	[!#1:1][CX4:2]!@[CX4:3][!#1:4]	-60.0013	12.2558	-	-	-	-	G
C54472726      none	B	[!#1:1][CX4:2]!@[CX4:3][!#1:4]	-159.998	1.85018	-	-	-	-	G
C54472726      none	B	[CX4:1][CX4H2:2]!@[NX3;"N_lp":3][CX4:4]	-79.7536	8.1206	-	-	-	-	G
C54472726      none	B	[*:1]~[CX4:2]!@[NX4:3]~[*:4]	60.0054	15.3058	-	-	-	-	G
C54472726      none	B	[*:1]~[CX4:2]!@[NX4:3]~[*:4]	180	15.0612	-	-	-	-	G
C62521336      none	-	-	-	-	-	-	-	-	-
C51887289      none	B	[a:1][c:2]!@[CX4H2:3][!#1:4]	-0.00226229	2.24426	-	-	-	-	O
C51887289      none	B	[*:1]~[CX4:2]!@[NX4:3]~[*:4]	-166.583	6.19266	-	-	-	-	G
C51887289      none	B	[!#1:1][CX4:2]!@[CX4:3][!#1:4]	60.0021	12.3771	-	-	-	-	G
C52224639      none	B	[O-:1][N+:2](=O)!@[c:3]([cH0])[cH,nX2H0:4]	0.0183668	12.6374	-	-	-	-	G
C52224639      none	B	[cH0:1][a:2]([cH0])!@[a:3]([sX2,o,nX2H0,nX3H1:4])([cH1])	-60.0056	5.32646	-	-	-	-	G
C52224639      none	B	[a:1][c:2]!@[CX4H2:3][!#1:4]	0.00273651	2.24426	-	-	-	-	O
C65356344      none	B	[c:1][c:2]!@[c:3][s,o,nX3H1:4]	-0.00996768	17.837	-	-	-	-	G
C65356344      none	B	[cH1:1][a:2]([cH1])!@[a:3]([sX2,o,nX2H0,nX3H1:4])	120.239	0.939981	-	-	-	-	O
C35252200      none	B	[a:1][c:2]!@[CX4H1:3][N,O:4]	29.9983	3.56196	-	-	-	-	G
C35252200      none	B	[!#1:1][CX4H1:2]!@[NX3:3][!#1:4]	-40.0038	0.726728	-	-	-	-	G
C35252200      none	B	[cH0:1][c:2]([cH,nX2H0])!@[NX3H1:3][CX4:4]	150.008	1.00143	-	-	-	-	O
C35252200      none	B	[O-:1][N+:2](=O)!@[c:3]([cH0])[cH,nX2H0:4]	0.279457	12.6374	-	-	-	-	G
C09972860      none	B	[a:1][a:2]!@[CX3:3]=[O:4]	120.002	0.855256	-	-	-	-	O
C09972860      none	B	[O:1]=[C:2]!@[O:3]~[C:4]	-8.04467e-05	74.4927	-	-	-	-	G
C09972860      none	B	[$(C=O):1][O:2]!@[CH2:3]~[C:4]	180	23.3458	-	-	-	-	G
C09972860      none	B	[OX2:1][CX4:2]!@[CX4:3][N:4]	156.938	1.1236	-	-	-	-	O
C09972860      none	B	[*:1]~[CX4:2]!@[NX4:3]~[*:4]	179.998	15.0612	-	-	-	-	G
C09972860      none	B	[!#1:1][CX4:2]!@[CX4:3][!#1:4]	128.62	0.0995365	-	-	-	-	R
C53783780      none	B	[!#1:1][CX4:2]!@[CX4:3][!#1:4]	159.997	1.81259	-	-	-	-	G
C53783780      none	B	[!#1:1][CX4:2]!@[CX4:3][!#1:4]	-160.002	1.85018	-	-	-	-	G
C53783780      none	B	[!#1:1][CX4:2]!@[CX4:3][!#1:4]	180	22.1548	-	-	-	-	G
C53783780      none	B	[!#1:1][CX4:2]!@[CX4:3][!#1:4]	-158.3	1.85018	-	-	-	-	G
C41059616      none	B	[a:1][c:2]!@[CX4H0:3][CX4:4]	120.001	5.29969	-	-	-	-	G
C01725253      none	B	[$(C=O):1][O:2]!@[CH2:3]~[C:4]	179.998	23.3458	-	-	-	-	G
C01725253      none	B	[O:1]=[C:2]!@[O:3]~[C:4]	1.79352e-05	74.4927	-	-	-	-	G
C01725253      none	B	[a:1][a:2]!@[CX3:3]=[O:4]	-59.6843	0.753398	-	-	-	-	O
C54556909      none	B	[*:1]~[CX4:2]!@[NX4:3]~[*:4]	-59.9987	15.3415	-	-	-	-	G
C54556909      none	B	[*:1]~[CX4:2]!@[NX4:3]~[*:4]	180	15.0612	-	-	-	-	G
C54556909      none	B	[a:1][c:2]!@[CX4H2:3][!#1:4]	90.3201	7.24386	-	-	-	-	G
C54556909      none	B	[!#1:1][CX4:2]!@[CX4:3][!#1:4]	160.002	1.81259	-	-	-	-	G
C52811975      none	B	[!#1:1][CX4:2]!@[SX2:3][!#1:4]	80.0005	6.41197	-	-	-	-	G
C52811975      none	B	[aH0:1][c:2]([aH0])!@[SX2:3][!#1:4]	180	14.0278	-	-	-	-	G
C66638207      none	B	[c:1][CX4:2]!@[CX3:3]=[O:4]	-0.0919673	3.87742	-	-	-	-	G
C66638207      none	B	[O:1]=[CX3:2]!@[NX3H1:3][!#1:4]	0.00191206	63.7893	-	-	-	-	G
C66638207      none	B	[$(C=O):1][NX3H1:2]!@[CX4H2:3][!#1:4]	180	5.78057	-	-	-	-	G
C66638207      none	B	[a:1][c:2]!@[CX4H2:3][!#1:4]	0.301607	2.24426	-	-	-	-	O
C66638207      none	B	[*:1]~[CX4:2]!@[n:3]~[*:4]	-51.3753	2.67193	-	-	-	-	G
C62702938      none	B	[cH1,n:1][c:2]!@[O:3][CRH1:4]	-90.0044	0.203252	-	-	-	-	R
C62702938      none	B	[cH1:1][c:2]([cH1])!@[CX3:3]=[O:4]	149.96	3.28558	-	-	-	-	O
C62702938      none	B	[H:1][CX4H1:2]!@[OX2:3][!#1:4]	-59.995	2.37856	-	-	-	-	G
C50182220      none	B	[!#1:1][CX4:2]!@[CX4:3][!#1:4]	179.997	22.1548	-	-	-	-	G
C50182220      none	B	[OX2:1][CX4:2]!@[CX4:3][OX2:4]	59.9937	14.3222	-	-	-	-	G
C50182220      none	B	[C:1][CH2:2]!@[O:3][CX4:4]	-159.996	4.55295	-	-	-	-	G
C50182220      none	B	[H:1][CX4H1:2]!@[O:3][CX4:4]	-160	0.0294247	-	-	-	-	R
C62990302      none	B	[C:1][CX4:2]!@[NX3:3][C:4]	149.997	2.18767	-	-	-	-	G
C62990302      none	B	[!#1:1][CX4:2]!@[CX3H0:3][!#1:4]	38.6293	1.9374	-	-	-	-	G
C57127433      none	B	[!#1:1][CX4H2:2]!@[NX3:3][!#1:4]	-60.005	3.24422	-	-	-	-	G
C57127433      none	B	[a:1][a:2]!@[NX3:3][!#1:4]	149.999	1.85775	-	-	-	-	O
C57127433      none	B	[a:1][c:2]!@[CX4H2:3][!#1:4]	-179.687	2.35335	-	-	-	-	O
C57127433      none	B	[c:1][c:2]([cH0])!@[c:3][nX2H0:4]	-149.734	2.55738	-	-	-	-	O
C39132654      none	-	-	-	-	-	-	-	-	-
C05104868      none	-	-	-	-	-	-	-	-	-
C34961311      none	B	[!#1:1][CX4:2]!@[CX4:3][!#1:4]	60.003	12.3771	-	-	-	-	G
C34961311      none	B	[*:1]~[CX4:2]!@[NX4:3]~[*:4]	59.9996	15.3058	-	-	-	-	G
C34961311      none	B	[*:1]~[CX4:2]!@[NX4:3]~[*:4]	-60.0071	15.3415	-	-	-	-	G
C34961311      none	B	[!#1:1][CX4H2:2]!@[CX4H2:3][!#1:4]	-59.9912	3.77933	-	-	-	-	G
C34961311      none	B	[C:1][CX4H2:2]!@[CX3:3]=[O:4]	-120.004	0.79457	-	-	-	-	O
C21071211      none	B	[!#1:1][CX4:2]!@[CX4:3][!#1:4]	-79.9992	1.71775	-	-	-	-	G
C21071211      none	B	[*:1]~[CX4:2]!@[NX4:3]~[*:4]	180	15.0612	-	-	-	-	G
C21071211      none	B	[*:1]~[CX4:2]!@[NX4:3]~[*:4]	180	15.0612	-	-	-	-	G
C21071211      none	B	[!#1:1][CX4:2]!@[CX4:3][!#1:4]	-91.3716	0.488284	-	-	-	-	O
C50267922      none	B	[!#1:1][CX4:2]!@[CX4:3][!#1:4]	8.61853	0.0551082	-	-	-	-	R
C50267922      none	B	[*:1]~[CX4:2]!@[NX4:3]~[*:4]	-40.0009	2.20693	-	-	-	-	G
C50267922      none	B	[*:1]~[CX4:2]!@[NX4:3]~[*:4]	180	15.0612	-	-	-	-	G
C50267922      none	B	[OX2:1][CX4:2]!@[CX4:3][N:4]	60.956	15.2809	-	-	-	-	G
C49102740      none	B	[!#1:1][CX4H2:2]!@[CX4H2:3][!#1:4]	179.995	58.554	-	-	-	-	G
C49102740      none	B	[!#1:1][CX4H2:2]!@[CX4H2:3][!#1:4]	180	58.554	-	-	-	-	G
C49102740      none	B	[n,o,s:1][c:2]!@[CX4H2:3][CX4:4]	-134.694	1.2715	-	-	-	-	O
C49102740      none	B	[a:1][c:2]!@[CX4H1:3][H:4]	-120.006	0.954033	-	-	-	-	G
C49102740      none	B	[H:1][CX4H1:2]!@[SX4:3][!#1:4]	47.7388	10.0257	-	-	-	-	G
C49102740      none	B	[aH0:1][c:2]([aH0])!@[SX4:3][!#1:4]	-90.0026	9.35754	-	-	-	-	G
C49813157      none	B	[$([cH0]!@[*^2]):1][c:2]([cH1])!@[CX3:3]=[O:4]	-0.0230837	22.9851	-	-	-	-	G
C50424489      none	B	[!#1:1][CX4:2]!@[CX4:3][!#1:4]	-59.9937	12.2558	-	-	-	-	G
C50424489      none	B	[!#1:1][CX4:2]!@[CX4:3][!#1:4]	-79.9981	1.71775	-	-	-	-	G
C50424489      none	B	[!#1:1][CH2:2]!@[n:3][cH0:4]	-179.688	0.148746	-	-	-	-	R
C06390217      none	B	[$([C](=O)):1][NX3H1:2]!@[$([a]([nH0,o])):3][cH1:4]	30.2818	2.36559	-	-	-	-	R
C06390217      none	B	[O:1]=[CX3:2]!@[NX3H1:3][!#1:4]	0.000191451	63.7893	-	-	-	-	G
C06390217      none	B	[O:1]=[CX3:2]([NH1])!@[CH2:3][C:4]	180	0.871731	-	-	-	-	R
C06390217      none	B	[!#1:1][CX4:2]!@[CX4:3][!#1:4]	163.646	1.81259	-	-	-	-	G
C42451427      none	B	[!#1:1][CX4:2]!@[CX4:3][!#1:4]	60.0886	12.3771	-	-	-	-	G
C42451427      none	B	[C:1][CX4:2]!@[NX3;"N_lp":3][C:4]	-81.7506	6.10869	-	-	-	-	G
C62990972      none	B	[!#1:1][CX4:2]!@[CX3H0:3][!#1:4]	149.996	3.04782	-	-	-	-	G
C62990972      none	B	[CX4:1][CX4H2:2]!@[NX3:3][CX4:4]	89.9903	8.80906	-	-	-	-	G
C44481727      none	B	[*:1]~[CX4:2]!@[NX4:3]~[*:4]	39.996	2.08461	-	-	-	-	G
C44481727      none	B	[*:1]~[CX4:2]!@[NX4:3]~[*:4]	-60.001	15.3415	-	-	-	-	G
C44481727      none	B	[!#1:1][CX4:2]!@[CX4:3][!#1:4]	-44.9261	0.976141	-	-	-	-	G
C50158165      none	B	[*:1]~[CX4:2]!@[NX4:3]~[*:4]	179.998	15.0612	-	-	-	-	G
C50158165      none	B	[*:1]~[CX4:2]!@[NX4:3]~[*:4]	160.001	1.9368	-	-	-	-	G
C50158165      none	B	[*:1]~[CX4:2]!@[NX4:3]~[*:4]	-91.3906	0.698267	-	-	-	-	O
C50158165      none	B	[OX2:1][CX4H2:2]!@[CX4H2:3][N:4]	180	8.36763	-	-	-	-	G
C43720529      none	B	[a:1][c:2]!@[CX4H1:3][N,O:4]	-60.0032	3.48172	-	-	-	-	G
C43720529      none	B	[$(C=O):1][NX3H1:2]!@[CX4H1:3][H:4]	0.00574677	8.26772	-	-	-	-	G
C43720529      none	B	[O:1]=[CX3:2]!@[NX3H1:3][!#1:4]	0.000302604	63.7893	-	-	-	-	G
C43720529      none	B	[O:1]=[CX3:2]!@[NX3H0:3][!#1:4]	-150.002	1.37927	-	-	-	-	O
C43720529      none	B	[$(C=O):1][NX3H0:2]!@[CX4H1:3][H:4]	-0.00204685	15.8824	-	-	-	-	G
C43720529      none	B	[a:1][c:2]!@[CX4H1:3][N,O:4]	29.9888	3.56196	-	-	-	-	G
C48816742      none	B	[a:1][c:2]!@[C:3]([NH0])=[O:4]	-60.0089	3.63889	-	-	-	-	G
C48816742      none	B	[O:1]=[CX3:2](a)!@[NX3H0:3][!#1:4]	-149.683	2.19542	-	-	-	-	O
C05500372      none	-	-	-	-	-	-	-	-	-
C19783413      none	B	[!#1:1][CX4:2]!@[CX4:3][!#1:4]	59.9891	12.3771	-	-	-	-	G
C19783413      none	B	[C:1][CX4H2:2]!@[CX3:3]=[O:4]	0.00632577	18.7883	-	-	-	-	G
C19783413      none	B	[O:1]=[CX3:2]!@[NX3H0:3][!#1:4]	-179.682	18.2537	-	-	-	-	G
C19783413      none	B	[!#1:1][CX4:2]!@[CX4:3][!#1:4]	179.996	22.1548	-	-	-	-	G
C39116096      none	B	[*:1]~[CX4:2]!@[NX4:3]~[*:4]	-66.4782	5.43323	-	-	-	-	G
C39116096      none	B	[NH1:1][CX4:2]!@[CX3:3]=[O:4]	2.71996	6.89233	-	-	-	-	G
C39116096      none	B	[O:1]=[C:2]!@[O:3]~[C:4]	-0.0044947	74.4927	-	-	-	-	G
C52836092      none	B	[a:1][c:2]!@[NX3H1:3][$([CX4r]([C;r])([C;r])):4]	180	15.9091	-	-	-	-	G
C52836092      none	B	[!#1:1][CX4H1:2]!@[NX3:3][!#1:4]	160.002	3.23353	-	-	-	-	G
C49286534      none	B	[*:1][$(S(=O)=O):2]!@[NX3H0r:3][*:4]	90.2791	4.85782	-	-	-	-	G
C49286534      none	B	[$(C=O):1][NX3H1:2]!@[CX4H1:3][H:4]	30.0079	9.46757	-	-	-	-	G
C49286534      none	B	[O:1]=[CX3:2]([$([NX3H1]C)])!@[NX3H1:3][!#1:4]	179.993	9.5176	-	-	-	-	R
C49286534      none	B	[O:1]=[CX3:2]([$([NX3H1]C)])!@[NX3H1:3][!#1:4]	0.00249968	41.1343	-	-	-	-	G
C49286534      none	B	[$([CX3]=O):1][NX3H1:2]!@[CX4H2:3][C:4] 	-89.9914	7.35439	-	-	-	-	G
C49286534      none	B	[CX3:1]=[CX3:2]!@[CH2:3][!#1:4]	119.997	8.78049	-	-	-	-	G
C20084377      none	B	[!#1:1][CX4:2]!@[CX4:3][!#1:4]	60.0015	12.3771	-	-	-	-	G
C20084377      none	B	[*:1]~[CX4:2]!@[NX4:3]~[*:4]	-59.9986	15.3415	-	-	-	-	G
C20084377      none	B	[*:1]~[CX4:2]!@[NX4:3]~[*:4]	180	15.0612	-	-	-	-	G
C61441529      none	B	[O:1]=[C:2]!@[NX3H0:3]([a:4])[A]	29.9849	0.827016	-	-	-	-	G
C61441529      none	B	[cH0:1][c:2]([cH1])!@[CX3:3]([NX3H0])=[O:4]	-89.9997	3.27273	-	-	-	-	G
C54591046      none	B	[*:1]~[CX4:2]!@[NX4:3]~[*:4]	59.9969	15.3058	-	-	-	-	G
C54591046      none	B	[*:1]~[CX4:2]!@[NX4:3]~[*:4]	180	15.0612	-	-	-	-	G
C54591046      none	B	[!#1:1][CX4:2]!@[CX4:3][!#1:4]	-154.334	0.492983	-	-	-	-	G
C54591046      none	B	[!#1:1][CX4:2]!@[CX4:3][!#1:4]	-60.0008	12.2558	-	-	-	-	G
C34448161      none	B	[*:1]~[CX4:2]!@[NX4:3]~[*:4]	61.2821	15.3058	-	-	-	-	G
C40887157      none	B	[!#1:1][CX4:2]!@[CX4:3][!#1:4]	60.0012	12.3771	-	-	-	-	G
C40887157      none	B	[*:1]~[CX4:2]!@[NX4:3]~[*:4]	180	15.0612	-	-	-	-	G
C40887157      none	B	[*:1]~[CX4:2]!@[NX4:3]~[*:4]	180	15.0612	-	-	-	-	G
C40887157      none	B	[!#1:1][CX4:2]!@[CX4:3][!#1:4]	-59.547	12.2558	-	-	-	-	G
C54497038      none	B	[!#1:1][CX4:2]!@[SX2:3][!#1:4]	-80.0006	6.01214	-	-	-	-	G
C54497038      none	B	[!#1:1][CX4:2]!@[CX3H0:3][!#1:4]	-0.00408539	1.41387	-	-	-	-	O
C35136555      none	B	[!#1:1][CX4:2]!@[CX4:3][!#1:4]	11.3757	0.0551082	-	-	-	-	R
C35136555      none	B	[*:1]~[CX4:2]!@[NX4:3]~[*:4]	80.0014	2.21713	-	-	-	-	G
C35136555      none	B	[*:1]~[CX4:2]!@[NX4:3]~[*:4]	-40.0024	2.20693	-	-	-	-	G
C01561902      none	B	[*:1]~[CX4:2]!@[NX4:3]~[*:4]	-59.9968	15.3415	-	-	-	-	G
C01561902      none	B	[*:1]~[CX4:2]!@[NX4:3]~[*:4]	59.9995	15.3058	-	-	-	-	G
C01561902      none	B	[*:1]~[CX4:2]!@[NX4:3]~[*:4]	180	15.0612	-	-	-	-	G
C01561902      none	B	[CX3:1]=[CX3:2]!@[CH2:3][!#1:4]	-120.002	9.03499	-	-	-	-	G
C03732274      none	B	[!#1:1][CX4:2]!@[CX4:3][!#1:4]	59.9888	12.3771	-	-	-	-	G
C03732274      none	B	[!#1:1][CX4:2]!@[CX4:3][!#1:4]	-81.3421	1.71775	-	-	-	-	G
C36916313      none	B	[cH0:1][c:2]!@[CX4H2:3][CX4:4]	90.3137	18.5823	-	-	-	-	G
C36916313      none	B	[c:1][c:2]!@[c:3]([cH0])[nX2H0:4]	-59.7512	1.82507	-	-	-	-	G
C05410329      none	-	-	-	-	-	-	-	-	-
C63038809      none	B	[n,o,s:1][c:2]!@[CX4H2:3][CX4:4]	-90.0024	5.3104	-	-	-	-	G
C63038809      none	B	[n,o,s:1][c:2]!@[CX4H2:3][CX4:4]	44.9977	1.72027	-	-	-	-	O
C63038809      none	B	[!#1:1][CX4:2]!@[CX4:3][!#1:4]	179.997	22.1548	-	-	-	-	G
C63038809      none	B	[!#1:1][CX4:2]!@[CX4:3][!#1:4]	59.9996	12.3771	-	-	-	-	G
C52632419      none	B	[!#1:1][CX4:2]!@[CX4:3][!#1:4]	159.997	1.81259	-	-	-	-	G
C52632419      none	B	[C:1][CH2:2]!@[O:3][CX4:4]	59.9995	0.263939	-	-	-	-	O
C52632419      none	B	[C:1][CH2:2]!@[O:3][CX4:4]	159.999	5.67469	-	-	-	-	G
C52632419      none	B	[OX2:1][CX4H2:2]!@[CX4H2:3][N:4]	60.0025	17.6955	-	-	-	-	G
C52632419      none	B	[*:1]~[CX4:2]!@[NX4:3]~[*:4]	59.9913	15.3058	-	-	-	-	G
C54590143      none	B	[*:1]~[CX4:2]!@[NX4:3]~[*:4]	59.9989	15.3058	-	-	-	-	G
C54590143      none	B	[!#1:1][CX4:2]!@[CX4:3][!#1:4]	134.333	0.0995365	-	-	-	-	R
C54590143      none	B	[!#1:1][CX4r:2]!@[CX4r:3][!#1:4]	-160.438	2.37148	-	-	-	-	G
C54404900      none	B	[!#1:1][CX4r:2]!@[CX4r:3][!#1:4]	111.379	0.304236	-	-	-	-	R
C37242338      none	B	[*:1]~[CX4:2]!@[NX4:3]~[*:4]	179.998	15.0612	-	-	-	-	G
C37242338      none	B	[*:1]~[CX4:2]!@[NX4:3]~[*:4]	39.999	2.08461	-	-	-	-	G
C37242338      none	B	[C:1][CX4:2]!@[NX3;"N_lp":3][C:4]	180	5.71656	-	-	-	-	G
C37242338      none	B	[!#1:1][CX4:2]!@[CX4:3][!#1:4]	180	22.1548	-	-	-	-	G
C41644954      none	B	[cH0:1][c:2]!@[CX4H2:3][N,O,S:4]	179.997	6.20075	-	-	-	-	G
C41644954      none	B	[$(C=O):1][NX3H1:2]!@[CX4H2:3][!#1:4]	119.994	2.79198	-	-	-	-	O
C41644954      none	B	[O:1]=[CX3:2]!@[NX3H1:3][!#1:4]	0.00728798	63.7893	-	-	-	-	G
C41644954      none	B	[C:1][CX4:2]!@[CX3:3]=[O:4]	178.961	0.827213	-	-	-	-	G
C29468496      none	B	[OX2:1][CX4:2]!@[CX4:3][N:4]	59.9902	15.2809	-	-	-	-	G
C29468496      none	B	[*:1]~[CX4:2]!@[NX3:3]~[*:4]	-150.001	2.22922	-	-	-	-	O
C29468496      none	B	[C:1][CH2:2]!@[O:3][CX4:4]	180	35.2689	-	-	-	-	G
C29468496      none	B	[!#1:1][CX4:2]!@[SX2:3][!#1:4]	-60.009	7.13757	-	-	-	-	G
C29468496      none	B	[!#1:1][CX4H2:2]!@[CX3:3]=[O:4]	0.0085181	19.1789	-	-	-	-	G
C29468496      none	B	[O:1]=[CX3:2]!@[NX3H0:3][!#1:4]	-179.733	18.2537	-	-	-	-	G
C48235647      none	B	[!#1:1][CX4:2]!@[CX4:3][!#1:4]	179.997	22.1548	-	-	-	-	G
C48235647      none	B	[OX2:1][CX4:2]!@[CX4:3][N:4]	-40.0086	1.41573	-	-	-	-	G
C48235647      none	B	[$(C=O):1][NX3H0:2]!@[CX4H2:3][!#1:4]	139.712	0.41744	-	-	-	-	R
C51849027      none	B	[cH1:1][c:2]([cH0])!@[O:3][c:4]	120.227	3.01075	-	-	-	-	G
C51849027      none	B	[aH0:1][c:2]!@[OX2:3][!#1:4]	-0.000431071	2.68047	-	-	-	-	G
C55031154      none	B	[!#1:1][CX4:2]!@[CX4:3][!#1:4]	60.004	12.3771	-	-	-	-	G
C55031154      none	B	[OX2:1][CX4:2]!@[CX4:3][N:4]	-40.0013	1.41573	-	-	-	-	G
C55031154      none	B	[*:1]~[CX4:2]!@[NX4:3]~[*:4]	60.0005	15.3058	-	-	-	-	G
C55031154      none	B	[*:1]~[CX4:2]!@[NX4:3]~[*:4]	-63.1744	15.3415	-	-	-	-	G
C54291055      none	B	[O:1]=[CX3:2]!@[NX3H0:3][!#1:4]	-30.0016	0.692521	-	-	-	-	O
C54291055      none	B	[C:1][CX4H2:2]!@[CX3:3]=[O:4]	30.0087	4.22116	-	-	-	-	G
C54291055      none	B	[!#1:1][CX4:2]!@[CX4:3][!#1:4]	-80.0972	1.71775	-	-	-	-	G
C52177107      none	B	[!#1:1][CX4r:2]!@[CX4r:3][!#1:4]	-66.718	6.70099	-	-	-	-	G
C41262821      none	B	[!#1:1][CX4:2]!@[CX4:3][!#1:4]	60.0005	12.3771	-	-	-	-	G
C41262821      none	B	[!#1:1][CX4H2:2]!@[CX4H2:3][!#1:4]	60.0015	3.99483	-	-	-	-	G
C61640745      none	B	[!#1:1][CX4:2]!@[SX2:3][!#1:4]	-59.9949	7.13757	-	-	-	-	G
C61640745      none	B	[!#1:1][CX4:2]!@[SX2:3][!#1:4]	179.997	11.1654	-	-	-	-	G
C61640745      none	B	[cH0:1][c:2]!@[CX4H2:3][N,O,S:4]	90.2787	7.74238	-	-	-	-	G
C33487167      none	B	[a:1][c:2]!@[CX4H0:3][CX4:4]	-59.9925	5.9706	-	-	-	-	G
C50338976      none	B	[cH0:1][c:2]([cH0])!@[NX3:3][CX4:4]	90.0095	8.35763	-	-	-	-	G
C50338976      none	B	[!#1:1][CX4H1:2]!@[NX3:3][!#1:4]	-30.0073	0.261296	-	-	-	-	G
C50338976      none	B	[a:1][c:2]!@[CX4H1:3][N,O:4]	-150.004	3.72593	-	-	-	-	G
C39132651      none	-	-	-	-	-	-	-	-	-
C43471847      none	B	[aH1:1][c:2]([aH0])!@[SX2:3][!#1:4]	-59.9971	1.08949	-	-	-	-	O
C43471847      none	B	[!#1:1][CX4:2]!@[SX2:3][!#1:4]	-150.001	1.30312	-	-	-	-	G
C43471847      none	B	[!#1:1][CX4:2]!@[CX4:3][!#1:4]	-60.0918	12.2558	-	-	-	-	G
C30750766      none	B	[n,o,s:1][c:2]!@[CX4H2:3][CX4:4]	45.0051	2.99177	-	-	-	-	O
C30750766      none	B	[a:1][c:2]!@[CX3:3]=[CX3H0:4]	119.995	3.34694	-	-	-	-	G
C30750766      none	B	[*^2:1]~[C^2:2]([!H])!@[C^2:3]~[*^2:4]	89.9959	1.26539	-	-	-	-	G
C54472723      none	B	[!#1:1][CX4:2]!@[CX4:3][!#1:4]	-59.9932	12.2558	-	-	-	-	G
C54472723      none	B	[!#1:1][CX4:2]!@[CX4:3][!#1:4]	160.001	1.81259	-	-	-	-	G
C54472723      none	B	[CX4:1][CX4H2:2]!@[NX3;"N_lp":3][CX4:4]	-44.5781	0.040201	-	-	-	-	R
C54472723      none	B	[*:1]~[CX4:2]!@[NX4:3]~[*:4]	40.0027	2.08461	-	-	-	-	G
C54472723      none	B	[*:1]~[CX4:2]!@[NX4:3]~[*:4]	179.999	15.0612	-	-	-	-	G
C20257431      none	B	[CX4:1][CX4H2:2]!@[NX3;"N_lp":3][CX4:4]	-160	6.65327	-	-	-	-	G
C20257431      none	B	[!#1:1][CX4:2]!@[CX4:3][!#1:4]	-177.666	22.1548	-	-	-	-	G
C37755924      none	B	[*:1]~[CX4:2]!@[NX4:3]~[*:4]	60.0018	15.3058	-	-	-	-	G
C37755924      none	B	[*:1]~[CX4:2]!@[NX4:3]~[*:4]	179.997	15.0612	-	-	-	-	G
C37755924      none	B	[!#1:1][CX4:2]!@[CX4:3][!#1:4]	159.996	1.81259	-	-	-	-	G
C43539844      none	B	[!#1:1][CX4:2]!@[CX4:3][!#1:4]	59.9955	12.3771	-	-	-	-	G
C43539844      none	B	[C:1][CX4:2]!@[NX3;"N_lp":3][C:4]	159.999	4.57693	-	-	-	-	G
C43539844      none	B	[C:1][CX4:2]!@[NX3;"N_lp":3][C:4]	-160.405	4.58918	-	-	-	-	G
C28649463      none	B	[a:1][c:2]!@[C:3]([NH0])=[O:4]	-60.0038	3.63889	-	-	-	-	G
C28649463      none	B	[O:1]=[CX3:2](a)!@[NX3H0:3][!#1:4]	150.278	2.50464	-	-	-	-	G
C62721965      none	B	[cH0:1][c:2]([cH0])!@[NX3:3][CX4:4]	120.28	2.86686	-	-	-	-	O
C62721965      none	B	[a:1][c:2]!@[CX4H2:3][!#1:4]	45.0052	2.0463	-	-	-	-	O
C63075199      none	-	-	-	-	-	-	-	-	-
C59924882      none	B	[!#1:1][CX4:2]!@[CX4:3][!#1:4]	-60.0044	12.2558	-	-	-	-	G
C59924882      none	B	[!#1:1][CX4:2]!@[CX3H0:3][!#1:4]	-90.0071	2.97335	-	-	-	-	G
C02144805      none	-	-	-	-	-	-	-	-	-
C14593153      none	B	[!#1:1][CX4H2:2]!@[CX4H2:3][!#1:4]	59.9949	3.99483	-	-	-	-	G
C14593153      none	B	[!#1:1][CX4:2]!@[CX4:3][!#1:4]	59.8745	12.3771	-	-	-	-	G
C39105492      none	B	[!#1:1][CX4:2]!@[CX4:3][!#1:4]	159.999	1.81259	-	-	-	-	G
C39105492      none	B	[!#1:1][CX4H2:2]!@[CX4H2:3][!#1:4]	-60.0029	3.77933	-	-	-	-	G
C19473169      none	B	[!#1:1][CX4:2]!@[CX4:3][!#1:4]	79.9948	1.75235	-	-	-	-	G
C19473169      none	B	[$([CX3]=O):1][NX3H0:2](C)!@[CX4H2:3][C:4]	89.9994	14.7513	-	-	-	-	G
CHEMBL39537      none	-	-	-	-	-	-	-	-	-
C39094879      none	-	-	-	-	-	-	-	-	-
C49235716      none	B	[C:1][CX4:2]!@[NX3;"N_lp":3][C:4]	-156.852	4.58918	-	-	-	-	G
C49235716      none	B	[*:1]~[CX4:2]!@[NX4:3]~[*:4]	179.998	15.0612	-	-	-	-	G
C49235716      none	B	[!#1:1][CX4:2]!@[CX4:3][!#1:4]	131.377	0.0995365	-	-	-	-	R
C49235716      none	B	[!#1:1][CX4:2]!@[CX4:3][!#1:4]	148.625	0.50879	-	-	-	-	O
C37946906      none	B	[!#1:1][CX4:2]!@[CX4:3][!#1:4]	39.9981	0.998355	-	-	-	-	G
C37946906      none	B	[C:1][CX4:2]!@[NX3;"N_lp":3][C:4]	179.998	5.71656	-	-	-	-	G
C37946906      none	B	[CX4:1][CX4H2:2]!@[NX3;"N_lp":3][CX4:4]	159.996	6.03015	-	-	-	-	G
C37946906      none	B	[!#1:1][CX4:2]!@[CX4:3][!#1:4]	148.618	0.50879	-	-	-	-	O
C66055363      none	B	[!#1:1][CX4:2]!@[CX3H0:3][!#1:4]	-90.0064	2.97335	-	-	-	-	G
C39956175      none	B	[cH0:1][c:2]!@[CX4H2:3][CX4:4]	45.0034	0.0506329	-	-	-	-	R
C39956175      none	B	[a:1][c:2]!@[CX4H1:3][H:4]	120.006	1.00725	-	-	-	-	G
C40926242      none	B	[*:1]~[CX4:2]!@[n:3]~[*:4]	-29.9971	3.02285	-	-	-	-	G
C40926242      none	B	[$([cH0]!@[*^2]):1][c:2]([cH1])!@[CX3:3]=[O:4]	29.9703	2.36318	-	-	-	-	G
C40926242      none	B	[c:1][c:2]!@[c:3]([cH0])[nX2H0:4]	-59.4503	1.82507	-	-	-	-	G
C19881175      none	B	[*:1]~[CX4:2]!@[NX4:3]~[*:4]	79.998	2.21713	-	-	-	-	G
C19881175      none	B	[*:1]~[CX4:2]!@[NX4:3]~[*:4]	180	15.0612	-	-	-	-	G
C19881175      none	B	[OX2:1][CX4H2:2]!@[CX4H2:3][N:4]	-60.0044	16.5981	-	-	-	-	G
C19881175      none	B	[C:1][CH2:2]!@[O:3][CX4:4]	-79.9966	1.18773	-	-	-	-	G
C41289522      none	B	[cH0:1][c:2]!@[CX4H1:3][CX4:4]	89.9996	4.45044	-	-	-	-	G
C41289522      none	B	[OX2:1][CX4:2]!@[CX4:3][N:4]	-160.06	1.21348	-	-	-	-	O
C61888798      none	B	[cH0:1][c:2]!@[CX4H2:3][CX3:4]	-0.00340952	0	-	-	-	-	R
C61888798      none	B	[c:1][CX4H2:2]!@[CX3:3]=[O:4]	89.9994	2.13675	-	-	-	-	G
C61888798      none	B	[O:1]=[CX3:2]!@[NX3H1:3][!#1:4]	0.00400791	63.7893	-	-	-	-	G
C61888798      none	B	[$(C=O):1][NX3H1:2]!@[CX4H1:3][H:4]	-30.0037	6.97413	-	-	-	-	G
C34974362      none	B	[C:1][CX4H2:2]!@[OX2:3][c:4]	-150.001	1.28448	-	-	-	-	O
C34974362      none	B	[cH1:1][c:2](cO)!@[O:3][C:4]	-89.9933	0.35524	-	-	-	-	R
C34974362      none	B	[cH0:1][c:2]!@[CX4H2:3][!#1:4]	-90.0146	12.8927	-	-	-	-	G
C34974362      none	B	[cH1:1][c:2](cO)!@[O:3][C:4]	-89.7068	0.35524	-	-	-	-	R
C34974362      none	B	[C:1][CX4H2:2]!@[OX2:3][c:4]	-120.004	0.315856	-	-	-	-	R
C66081697      none	B	[a:1][c:2]!@[CX4H2:3][!#1:4]	-90.0027	7.30446	-	-	-	-	G
C66081697      none	B	[$(S(=O)(=O)):1][NX3H0:2]!@[CX4H2:3][!#1:4]	150.004	7.32759	-	-	-	-	G
C66081697      none	B	[c:1][$(S(=O)=O):2]!@[NX3H0:3][C:4]	-90.0022	4.66945	-	-	-	-	G
C66081697      none	B	[aH1:1][c:2]([aH1])!@[SX4:3][!#1:4]	150.282	0.260857	-	-	-	-	R
C58826191      none	B	[a:1][c:2]!@[CX4H1:3][N,O:4]	179.987	1.64318	-	-	-	-	G
C58826191      none	B	[cH0:1][c:2]([cH,nX2H0])!@[NX3H0:3][CX4:4]	-59.7549	5.09408	-	-	-	-	G
C11727759      none	B	[cH0:1][c:2]!@[CX4H1:3][CX4:4]	-60.2747	1.48348	-	-	-	-	G
C39134120      none	-	-	-	-	-	-	-	-	-
C50563103      none	B	[O:1]=[CX3:2]!@[NX3H0:3][!#1:4]	0.00588461	25.0866	-	-	-	-	G
C50563103      none	B	[O:1]=[CX3:2]!@[CX4H1r3:3][H:4]	-119.996	1.16667	-	-	-	-	O
C62520767      none	B	[n,o,s:1][c:2]!@[CX4H2:3][CX4:4]	135.001	0.52356	-	-	-	-	O
C62520767      none	B	[!#1:1][CX4H2:2]!@[CX4H2:3][!#1:4]	60.0004	3.99483	-	-	-	-	G
C54218754      none	B	[*:1]~[CX4:2]!@[NX4:3]~[*:4]	-59.6284	15.3415	-	-	-	-	G
C54218754      none	B	[C:1][CX4:2]!@[CX3:3]=[O:4]	0.00486758	5.61823	-	-	-	-	G
C39133876      none	-	-	-	-	-	-	-	-	-
C52170925      none	B	[!#1:1][CX4:2]!@[CX4:3][!#1:4]	-60.003	12.2558	-	-	-	-	G
C52170925      none	B	[OX2:1][CX4:2]!@[CX4:3][N:4]	40.0038	1.66292	-	-	-	-	G
C52170925      none	B	[*:1][CX4:2]!@[O:3][CX4:4]	-40.0007	2.39933	-	-	-	-	G
C52170925      none	B	[C:1][CH2:2]!@[O:3][CX4:4]	179.999	35.2689	-	-	-	-	G
C52170925      none	B	[!#1:1][CX4:2]!@[CX4:3][!#1:4]	180	22.1548	-	-	-	-	G
C39506111      none	B	[C:1][CH2:2]!@[O:3][CX4:4]	180	35.2689	-	-	-	-	G
C39506111      none	B	[H:1][CX4H1:2]!@[O:3][CX4:4]	-39.9997	11.8876	-	-	-	-	G
C62941347      none	B	[*:1]~[CX4:2]!@[NX4:3]~[*:4]	-79.9979	2.10499	-	-	-	-	G
C62941347      none	B	[OX2:1][CX4H2:2]!@[CX4H2:3][Nr:4]	-60.0032	16.6667	-	-	-	-	G
C37368363      none	B	[!#1:1][CX4H2:2]!@[CX4H2:3][!#1:4]	59.9991	3.99483	-	-	-	-	G
C37368363      none	B	[$([CX3]=O):1][NX3H1:2]!@[CX4H2:3][C:4] 	89.9962	7.35439	-	-	-	-	G
C37368363      none	B	[O:1]=[CX3:2]!@[NX3H1:3][!#1:4]	0.0075922	63.7893	-	-	-	-	G
C37368363      none	B	[NH1:1][CX4:2]!@[CX3:3]=[O:4]	-59.9958	1.73074	-	-	-	-	O
C37368363      none	B	[!#1:1][CX4H1:2]!@[NX3:3][!#1:4]	149.997	2.7681	-	-	-	-	G
C37368363      none	B	[cH0:1][c:2]([cH,nX2H0])!@[NX3H1:3][CX4:4]	-90.002	0	-	-	-	-	R
C08294415      none	B	[O:1]=[CX3:2]!@[CX4H1r3:3][H:4]	-120.006	1.16667	-	-	-	-	O
C08294415      none	B	[O:1]=[CX3:2]!@[NX3H0:3][!#1:4]	149.995	1.73707	-	-	-	-	O
C08294415      none	B	[$([CX3]=O):1][NX3H0:2](C)!@[CX4H2:3][C:4]	89.9964	14.7513	-	-	-	-	G
C08294415      none	B	N[C:2](=[O:1])!@[CH2:3][N:4]	59.9967	0.14881	-	-	-	-	O
C08294415      none	B	[O:1]=[CX3:2]!@[NX3H1:3][!#1:4]	0.00174258	63.7893	-	-	-	-	G
C08294415      none	B	[$(C=O):1][NX3H1:2]!@[c:3]([cH1])[cH1:4]	30.0027	5.05437	-	-	-	-	G
C39078784      none	B	[C:1][CH2:2]!@[O:3][CX4:4]	179.997	35.2689	-	-	-	-	G
C39078784      none	B	[H:1][CX4H1:2]!@[O:3][CX4:4]	160.001	0.0441371	-	-	-	-	R
C61537938      none	B	[!#1:1][CX4H2:2]!@[CX4H2:3][!#1:4]	180	58.554	-	-	-	-	G
C61537938      none	B	[C:1][CX4H2:2]!@[OX2:3][c:4]	-90.0005	0.86334	-	-	-	-	G
C61537938      none	B	[nX2:1][c:2]([nX2])!@[O:3][C:4]	-149.719	0	-	-	-	-	R
C61537938      none	B	[cH1,nX2H0:1][c:2]([cH1,nX2H0])!@[NX3r:3][*:4]	150.259	1.71312	-	-	-	-	O
C50520591      none	B	[!#1:1][CX4:2]!@[CX4:3][!#1:4]	-40.0014	0.976141	-	-	-	-	G
C50520591      none	B	[!#1:1][CX4H2:2]!@[CX4H2:3][!#1:4]	-59.9956	3.77933	-	-	-	-	G
C50520591      none	B	[C:1][CH2:2]!@[O:3][CX4:4]	-160.002	4.55295	-	-	-	-	G
C50520591      none	B	[H:1][CX4H1:2]!@[O:3][CX4:4]	-51.2062	13.9179	-	-	-	-	G
C48286639      none	B	[$(C=O):1][NX3H1:2]!@[c:3](s)[n:4]	180	66.092	-	-	-	-	G
C48286639      none	B	[O:1]=[CX3:2]!@[NX3H1:3][!#1:4]	0.00119731	63.7893	-	-	-	-	G
C48286639      none	B	[C:1][CX4:2]!@[CX3:3]=[O:4]	179.961	0.827213	-	-	-	-	G
C48286639      none	B	[O:1]=[CX3:2]!@[NX3H0:3][!#1:4]	149.995	1.73707	-	-	-	-	O
C48286639      none	B	[C:1][CX4:2]!@[CX3:3]=[O:4]	2.33744	5.61823	-	-	-	-	G
C10751236      none	B	[aH0:1][c:2]([aH0])!@[SX4:3][!#1:4]	-143.858	0.977654	-	-	-	-	R
C10751236      none	B	[c:1][$(S(=O)=O):2]!@[NX3H1:3][C:4]	90.003	2.64026	-	-	-	-	G
C10751236      none	B	[$(S(=O)(=O)):1][NX3H1:2]!@[CX4H2:3][!#1:4]	119.996	2.14592	-	-	-	-	O
C10751236      none	B	[!#1:1][CX4H2:2]!@[CX4H2:3][!#1:4]	179.999	58.554	-	-	-	-	G
C10751236      none	B	[!#1:1][CX4H2:2]!@[CX4H2:3][!#1:4]	180	58.554	-	-	-	-	G
C10751236      none	B	[n,o,s:1][c:2]!@[CX4H2:3][CX4:4]	0.320961	6.43231	-	-	-	-	G
C01492250      none	B	[OX2:1][CX4:2]!@[CX4:3][N:4]	-31.9446	0.404494	-	-	-	-	O
C05688339      none	B	[cH0:1][c:2]([cH,nX2H0])!@[NX3H0:3][CX4:4]	-59.7412	5.09408	-	-	-	-	G
C05688339      none	B	[O-:1][N+:2](=O)!@[c:3]([cH,nX2H0])[cH,nX2H0:4]	179.999	23.2156	-	-	-	-	G
C35080300      none	B	[cH1,nX2H0:1][c:2]([cH1,nX2H0])!@[NX3r:3][*:4]	-59.7287	2.69113	-	-	-	-	O
CHEMBL18327      none	B	[cH1:1][c:2]([cH1])!@[O:3][C:4]	-90.0004	0.464773	-	-	-	-	R
CHEMBL18327      none	B	[c:1][CX4H2:2]!@[OX2:3][c:4]	-150.003	1.12166	-	-	-	-	R
CHEMBL18327      none	B	[a:1][c:2]!@[CX4H2:3][!#1:4]	-44.6823	1.62815	-	-	-	-	O
CHEMBL18327      none	B	[a:1][c:2]!@[CX4H1:3][H:4]	179.993	7.22227	-	-	-	-	G
C62990519      none	B	[!#1:1][CX4:2]!@[CX3H0:3][!#1:4]	-141.383	1.81958	-	-	-	-	O
C19436151      none	B	[C:1][CX4H2:2]!@[NX3;"N_lp":3][C:4]	39.9947	0.0777001	-	-	-	-	R
C19436151      none	B	[CX3:1]=[CX3:2]!@[CH2:3][!#1:4]	-89.9887	5.42948	-	-	-	-	O
C42545483      none	B	[C:1][CX4:2]!@[NX3;"N_lp":3][C:4]	79.9933	5.94326	-	-	-	-	G
C42545483      none	B	[C:1][CX4:2]!@[NX3;"N_lp":3][C:4]	-160.436	4.58918	-	-	-	-	G
C15515754      none	B	[O:1]=[CX3:2]!@[NX3H0:3][!#1:4]	-0.00624955	25.0866	-	-	-	-	G
C54591498      none	B	[*:1]~[CX4:2]!@[NX4:3]~[*:4]	179.994	15.0612	-	-	-	-	G
C54591498      none	B	[*:1]~[CX4:2]!@[NX4:3]~[*:4]	-59.9996	15.3415	-	-	-	-	G
C54591498      none	B	[!#1:1][CX4:2]!@[CX4:3][!#1:4]	-65.6586	7.10938	-	-	-	-	G
C54591498      none	B	[!#1:1][CX4r:2]!@[CX4r:3][!#1:4]	158.617	2.30907	-	-	-	-	O
C44322562      none	B	[!#1:1][CX4:2]!@[CX4:3][!#1:4]	-59.9946	12.2558	-	-	-	-	G
C44322562      none	B	[!#1:1][CX4:2]!@[SX2:3][!#1:4]	150	1.40678	-	-	-	-	G
C44322562      none	B	[aH0:1][c:2]([aH0])!@[SX2:3][!#1:4]	-90.0018	3.32646	-	-	-	-	G
C44322562      none	B	[c:1][cr6:2]!@[cr5:3][c:4]	120.274	2.69374	-	-	-	-	G
C44322562      none	B	[O-:1][N+:2](=O)!@[c:3]([cH,nX2H0])[cH,nX2H0:4]	-179.749	23.2156	-	-	-	-	G
C53818489      none	B	[a:1][c:2]!@[CX4H1:3][N,O:4]	150.006	3.7643	-	-	-	-	G
C53818489      none	B	[!#1:1][CX4:2]!@[CX4:3][!#1:4]	160	1.81259	-	-	-	-	G
C53818489      none	B	[n,o,s:1][c:2]!@[CX4H2:3][CX4:4]	89.9995	4.03889	-	-	-	-	G
C44043853      none	B	[*:1]~[CX4:2]!@[NX4:3]~[*:4]	59.9937	15.3058	-	-	-	-	G
C44043853      none	B	[H:1][CX4H1:2]!@[O:3][CX4:4]	40.0025	11.9906	-	-	-	-	G
C03735117      none	B	[!#1:1][CX4r:2]!@[CX4r:3][!#1:4]	177.492	14.3615	-	-	-	-	G
C42925221      none	B	[O:1]=[CX3:2]!@[NX3H0:3][!#1:4]	-29.9971	0.692521	-	-	-	-	O
C42925221      none	B	[O:1]=[CX3:2]!@[NX3H1:3][!#1:4]	0.00383837	63.7893	-	-	-	-	G
C42925221      none	B	[$([CX3]=O):1][NX3H1:2]!@[CX4H2:3][C:4] 	179.994	6.46594	-	-	-	-	G
C42925221      none	B	[CX3:1]=[CX3:2]!@[CH2:3][!#1:4]	89.9972	5.15376	-	-	-	-	G
C52275025      none	B	[*:1]~[CX4:2]!@[NX4:3]~[*:4]	-159.996	2.15596	-	-	-	-	G
C52275025      none	B	[*:1]~[CX4:2]!@[NX4:3]~[*:4]	180	15.0612	-	-	-	-	G
C52275025      none	B	[!#1:1][CX4:2]!@[CX4:3][!#1:4]	-39.5579	0.976141	-	-	-	-	G
C61522192      none	B	[!#1:1][CX4:2]!@[CX4:3][!#1:4]	-80.0011	1.71775	-	-	-	-	G
C61522192      none	B	[C:1][CX4H2:2]!@[OX2:3][c:4]	180	43.8829	-	-	-	-	G
C61522192      none	B	[nX2:1][c:2]([nX2])!@[O:3][C:4]	0.283913	40.7895	-	-	-	-	G
C61522192      none	B	[cH1,nX2H0:1][c:2]([cH1,nX2H0])!@[NX3r:3][*:4]	-59.7133	2.69113	-	-	-	-	O
C62152580      none	B	[!#1:1][CX4:2]!@[CX4:3][!#1:4]	59.998	12.3771	-	-	-	-	G
C62152580      none	B	[!#1:1][CX4:2]!@[CX4:3][!#1:4]	40.0781	0.998355	-	-	-	-	G
C54826397      none	B	[C:1][CX4:2]!@[NX3;"N_lp":3][C:4]	79.9968	5.94326	-	-	-	-	G
C54826397      none	B	[C:1][CX4:2]!@[NX3;"N_lp":3][C:4]	-163.146	4.58918	-	-	-	-	G
C15767220      none	-	-	-	-	-	-	-	-	-
C34140511      none	B	[*:1]~[CX4:2]!@[NX4:3]~[*:4]	-79.9974	2.10499	-	-	-	-	G
C34140511      none	B	[OX2:1][CX4H2:2]!@[CX4H2:3][Nr:4]	-60.0004	16.6667	-	-	-	-	G
C62779164      none	B	[a:1][c:2]!@[CX4H1:3][a:4]	-0.0075231	0.923965	-	-	-	-	G
C62779164      none	B	[a:1][c:2]!@[CX4H1:3][a:4]	89.9999	4.22522	-	-	-	-	G
C63411431      none	B	[!#1:1][CX3:2]!@[SX2:3][!#1:4]	-30.0026	1.54367	-	-	-	-	G
C63411431      none	B	[aH1:1][c:2]([aH1])!@[SX2:3][!#1:4]	90.0025	4.22023	-	-	-	-	G
C52813841      none	B	[aH0:1][c:2]([aH0])!@[SX2:3][!#1:4]	179.998	14.0278	-	-	-	-	G
C52813841      none	B	[aH1:1][c:2]([aH0])!@[SX2:3][*R:4]	-30.0009	1.53061	-	-	-	-	O
C37471886      none	B	[cH0:1][c:2]!@[CX4H1:3][CX4:4]	-89.9945	3.91099	-	-	-	-	G
C37471886      none	B	[!#1:1][CX4H1:2]!@[NX3:3][!#1:4]	180	2.80076	-	-	-	-	G
C37471886      none	B	[a:1][a:2]!@[NX3:3][!#1:4]	30.0046	1.9288	-	-	-	-	O
C02019563      none	-	-	-	-	-	-	-	-	-
C39523339      none	B	[C:1][CH2:2]!@[O:3][CX4:4]	179.997	35.2689	-	-	-	-	G
C39523339      none	B	[H:1][CX4H1:2]!@[O:3][CX4:4]	39.9961	11.9906	-	-	-	-	G
C28866014      none	B	[cH1,nX2H0:1][c:2]([cH1,nX2H0])!@[NX3r:3][*:4]	0.315535	5.93199	-	-	-	-	G
C50541379      none	B	[!#1:1][CH2:2]!@[n:3][a:4]	-179.694	0.161853	-	-	-	-	R
C50541379      none	B	[cH1:1][c:2]([cH1])!@[CX4H2:3][CX4:4]	90.0438	11.713	-	-	-	-	G
C50541379      none	B	[!#1:1][CX4:2]!@[CX4:3][!#1:4]	60.0096	12.3771	-	-	-	-	G
C23798528      none	B	[!#1:1][CX4r:2]!@[CX4r:3][!#1:4]	128.623	0.468055	-	-	-	-	R
C04721135      none	B	[cH1,nX2H0:1][c:2]([cH1,nX2H0])!@[NX3r:3][*:4]	-120.012	2.61442	-	-	-	-	O
C04721135      none	B	[aH0:1][c:2]([aH0])!@[SX2:3][!#1:4]	180	14.0278	-	-	-	-	G
C39080313      none	B	[*:1]~[CX4:2]!@[n:3]~[*:4]	60.39	3.54922	-	-	-	-	G
C45136713      none	B	[*:1]~[CX4:2]!@[NX4:3]~[*:4]	-154.683	0.438328	-	-	-	-	G
C53297947      none	B	[!#1:1][CX4r:2]!@[CX4r:3][!#1:4]	-158.795	2.37148	-	-	-	-	O
C38976752      none	B	[CX3:1]=[CX3:2]!@[CH2:3][C:4]	59.9671	0.169779	-	-	-	-	R
C38976752      none	B	[!#1:1][CX4H2:2]!@[CX4H2:3][!#1:4]	180	58.554	-	-	-	-	G
C38976752      none	B	[C:1][CX4H2:2]!@[CX3:3]=[O:4]	-120.001	0.79457	-	-	-	-	O
C39077667      none	-	-	-	-	-	-	-	-	-
C42544037      none	B	[a:1][c:2]!@[CX4H1:3][N,O:4]	-89.7289	1.29082	-	-	-	-	G
C42544037      none	B	[*:1]~[CX4:2]!@[NX4:3]~[*:4]	-60.0049	15.3415	-	-	-	-	G
C42544037      none	B	[*:1]~[CX4:2]!@[NX4:3]~[*:4]	80.0031	2.21713	-	-	-	-	G
C01718557      none	B	[OX2:1][CX4:2]!@[CX4:3][N:4]	-85.286	0.988764	-	-	-	-	O
C01718557      none	B	[*:1]~[CX4:2]!@[NX4:3]~[*:4]	39.9999	2.08461	-	-	-	-	G
C38043876      none	B	[a:1][c:2]!@[CX4H1:3][N,O:4]	59.9946	3.42939	-	-	-	-	G
C38043876      none	B	[*:1]~[CX4:2]!@[NX4:3]~[*:4]	-39.9977	2.20693	-	-	-	-	G
C38043876      none	B	[*:1]~[CX4:2]!@[NX4:3]~[*:4]	179.998	15.0612	-	-	-	-	G
C38043876      none	B	[!#1:1][CX4:2]!@[CX4:3][!#1:4]	-160.132	1.85018	-	-	-	-	G
C20317268      none	B	[a:1][a:2]!@[NX3:3][!#1:4]	90.2722	1.62893	-	-	-	-	O
C40216326      none	B	[O:1]=[CX3:2]!@[CX4H1r3:3][H:4]	119.998	1.33333	-	-	-	-	O
C40216326      none	B	[O:1]=[CX3:2]!@[NX3H1:3][!#1:4]	0.0130858	63.7893	-	-	-	-	G
C40216326      none	B	[$(C=O):1][NX3H1:2]!@[CX4H0:3][C:4]	51.831	5.8022	-	-	-	-	G
C42398449      none	B	[!#1:1][CX4H2:2]!@[CX4H2:3][!#1:4]	-60.0016	3.77933	-	-	-	-	G
C42398449      none	B	[!#1:1][CX4:2]!@[CX4:3][!#1:4]	-178.461	22.1548	-	-	-	-	G
C42398449      none	B	[*:1]~[CX4:2]!@[NX4:3]~[*:4]	60.0043	15.3058	-	-	-	-	G
C35428601      none	B	[cH1:1][c:2]([cH0])!@[O:3][c:4]	120.235	3.01075	-	-	-	-	G
C35428601      none	B	[aH0:1][c:2]!@[OX2:3][!#1:4]	-179.69	24.9334	-	-	-	-	G
C35428601      none	B	[a:1][a:2]!@[CX3:3]=[O:4]	179.995	14.6728	-	-	-	-	G
C45135338      none	B	[$(C=O):1][NX3H0:2]!@[CX4H1:3][H:4]	-94.6052	0.12605	-	-	-	-	R
C45135338      none	B	[*:1]~[CX4:2]!@[NX4:3]~[*:4]	59.9966	15.3058	-	-	-	-	G
C55343146      none	B	[!#1:1][CX4:2]!@[CX4:3][!#1:4]	60.004	12.3771	-	-	-	-	G
C01581211      none	-	-	-	-	-	-	-	-	-
C00033631      none	B	[cH0:1][c:2]([cH,nX2H0])!@[NX3H0:3][CX4:4]	120.26	2.29463	-	-	-	-	O
C01562888      none	-	-	-	-	-	-	-	-	-
C65387372      none	B	[!#1:1][CX4:2]!@[SX2:3][!#1:4]	90.0029	2.8728	-	-	-	-	G
C65387372      none	B	[aH0:1][c:2]([aH0])!@[SX2:3][!#1:4]	60.001	2.01135	-	-	-	-	G
C65387372      none	B	[a:1][c:2]!@[CX4H2:3][a:4]	180	2.38722	-	-	-	-	O
C65387372      none	B	[a:1][c:2]!@[CX4H2:3][a:4]	-89.6844	5.18797	-	-	-	-	G
C65387372      none	B	[a:1][ar6:2]!@[ar5:3][a:4]	-179.73	7.27752	-	-	-	-	G
C62990303      none	B	[C:1][CX4:2]!@[NX3:3][C:4]	120.003	2.89331	-	-	-	-	O
C62990303      none	B	[!#1:1][CX4:2]!@[CX3H0:3][!#1:4]	-81.3767	3.58024	-	-	-	-	G
C39113987      none	B	[CX4:1][CX4H2:2]!@[NX3;"N_lp":3][CX4:4]	-159.996	6.65327	-	-	-	-	G
C39113987      none	B	[CX4:1][CX4H2:2]!@[NX3;"N_lp":3][CX4:4]	-80.0043	8.1206	-	-	-	-	G
C39113987      none	B	[!#1:1][CX4H2:2]!@[CX4H2:3][!#1:4]	59.9948	3.99483	-	-	-	-	G
C39113987      none	B	[OX2:1][CX4H2:2]!@[CX4H2:3][Nr:4]	180	8.33333	-	-	-	-	G
C37147781      none	B	[cH1,n:1][c:2]!@[O:3][CRH1:4]	60.0008	0.203252	-	-	-	-	R
C37147781      none	B	[H:1][CX4H1:2]!@[OX2:3][!#1:4]	29.9909	9.32817	-	-	-	-	G
C50182677      none	B	[cH0:1][c:2]!@[CX4H2:3][CX4:4]	-134.996	0.379747	-	-	-	-	R
C50182677      none	B	[!#1:1][CX4H2:2]!@[CX4H2:3][!#1:4]	180	58.554	-	-	-	-	G
C50182677      none	B	[!#1:1][CX4H2:2]!@[CX4H2:3][!#1:4]	179.995	58.554	-	-	-	-	G
C50182677      none	B	[*:1]~[CX4:2]!@[NX4:3]~[*:4]	59.9912	15.3058	-	-	-	-	G
C50182677      none	B	[*:1]~[CX4:2]!@[NX4:3]~[*:4]	177.495	15.0612	-	-	-	-	G
C50182677      none	B	[a:1][c:2]!@[CX4H1:3][H:4]	-168.747	6.14799	-	-	-	-	G
C37241988      none	B	[*:1]~[CX4:2]!@[NX4:3]~[*:4]	60.0019	15.3058	-	-	-	-	G
C37241988      none	B	[cH1,nX2H0:1][c:2]([cH1,nX2H0])!@[NX3r:3][*:4]	-59.9961	2.69113	-	-	-	-	O
C41114438      none	B	[O:1]=[CX3:2](a)!@[NX3H0:3][!#1:4]	-29.9976	1.17502	-	-	-	-	O
C41114438      none	B	[cH0:1][c:2]([cH1])!@[CX3:3]([NX3H0])=[O:4]	-60.0067	9.09091	-	-	-	-	G
C41114438      none	B	[O-:1][N+:2](=O)!@[c:3]([cH0])[cH,nX2H0:4]	0.0111959	12.6374	-	-	-	-	G
C49647905      none	B	[$(C=O):1][NX3H0:2]!@[CX4H1:3][H:4]	59.6982	0.252101	-	-	-	-	R
C49647905      none	B	[*:1]~[CX4:2]!@[NX4:3]~[*:4]	60.0082	15.3058	-	-	-	-	G
C05306055      none	-	-	-	-	-	-	-	-	-
C44193121      none	B	[!#1:1][CX4H2:2]!@[CX4H2:3][!#1:4]	60.0032	3.99483	-	-	-	-	G
C44193121      none	B	[!#1:1][CX4:2]!@[CX4:3][!#1:4]	59.994	12.3771	-	-	-	-	G
C44193121      none	B	[H:1][CX4H1:2]!@[O:3][CX4:4]	179.999	1.1917	-	-	-	-	R
C44193121      none	B	[C:1][CH2:2]!@[O:3][CX4:4]	179.995	35.2689	-	-	-	-	G
C52270039      none	B	[*:1]~[CX4:2]!@[NX4:3]~[*:4]	-40.0037	2.20693	-	-	-	-	G
C52270039      none	B	[*:1]~[CX4:2]!@[NX4:3]~[*:4]	180	15.0612	-	-	-	-	G
C52270039      none	B	[!#1:1][CX4H2:2]!@[CX4H2:3][!#1:4]	59.9985	3.99483	-	-	-	-	G
C52270039      none	B	[!#1:1][CX4:2]!@[CX4:3][!#1:4]	59.9985	12.3771	-	-	-	-	G
C50083475      none	B	[a:1][c:2]!@[C:3]([NH0])=[O:4]	-120.006	3.91667	-	-	-	-	G
C50083475      none	B	[$(C=O):1][NX3H1:2]!@[c:3]([cH1])[cH1:4]	149.981	5.05437	-	-	-	-	G
C50083475      none	B	[O:1]=[CX3:2]!@[NX3H1:3][!#1:4]	-30.009	0.0303061	-	-	-	-	O
C50083475      none	B	[O:1]=[CX3:2]!@[NX3H0:3][!#1:4]	-179.724	18.2537	-	-	-	-	G
C50083475      none	B	[O:1]=[CX3:2](a)!@[NX3H0:3][!#1:4]	30.2891	0.896722	-	-	-	-	R
C54768778      none	B	[!#1:1][CX4:2]!@[CX4:3][!#1:4]	159.997	1.81259	-	-	-	-	G
C54768778      none	B	[*:1]~[CX4:2]!@[NX4:3]~[*:4]	60.0047	15.3058	-	-	-	-	G
C54768778      none	B	[*:1]~[CX4:2]!@[NX4:3]~[*:4]	148.627	0.759429	-	-	-	-	O
C62450891      none	B	[$(S(=O)(=O)):1][NX3H1:2]!@[CX4H2:3][!#1:4]	90.0074	3.00429	-	-	-	-	G
C62450891      none	B	[*:1][$(S(=O)=O):2]!@[NX3H1:3][*:4]	89.9955	4.90782	-	-	-	-	G
C62450891      none	B	[*:1][$(S(=O)=O):2]!@[NX3H0r:3][*:4]	-89.7214	4.88152	-	-	-	-	G
C62450891      none	B	[a:1][c:2]!@[CX4H1:3][H:4]	-149.962	3.82796	-	-	-	-	G
C63772263      none	B	[cH0:1][c:2]!@[CX4H2:3][N,O,S:4]	89.9732	7.74238	-	-	-	-	G
C41051488      none	B	[!#1:1][CX4:2]!@[CX4:3][!#1:4]	59.9955	12.3771	-	-	-	-	G
C41051488      none	B	[*:1]~[CX4:2]!@[NX4:3]~[*:4]	59.9995	15.3058	-	-	-	-	G
C41051488      none	B	[*:1]~[CX4:2]!@[NX4:3]~[*:4]	180	15.0612	-	-	-	-	G
C41051488      none	B	[a:1][c:2]!@[CX4H2:3][!#1:4]	-179.671	2.35335	-	-	-	-	O
C48088413      none	B	[cH1:1][a:2]([cH1])!@[a:3]([sX2,o,nX2H0,nX3H1:4])([cH0])	60.5186	1.97285	-	-	-	-	G
C48088413      none	B	[a:1][c:2]!@[C:3]([NH0])=[O:4]	-60.0016	3.63889	-	-	-	-	G
C48088413      none	B	[O:1]=[CX3:2](a)!@[NX3H0:3][!#1:4]	-179.724	9.67842	-	-	-	-	G
C48088413      none	B	[C:1][CX4:2]!@[CX3:3]=[O:4]	150.078	1.17362	-	-	-	-	G
C43220628      none	B	[OX2:1][CX4:2]!@[CX4:3][OX2:4]	80.202	2.87509	-	-	-	-	O
C43220628      none	B	[*:1][CX4:2]!@[O:3][CX4:4]	80.0018	2.41638	-	-	-	-	G
C62716654      none	B	[!#1:1][CX4r:2]!@[CX4r:3][!#1:4]	-169.307	6.18613	-	-	-	-	G
C35239386      none	B	[!#1:1][CX4:2]!@[CX4:3][!#1:4]	-59.9432	12.2558	-	-	-	-	G
C35239386      none	B	[cH0:1][c:2]([cH,nX2H0])!@[NX3H0:3][CX4:4]	-59.9994	5.09408	-	-	-	-	G
C62097619      none	B	[CX4:1][CX4H2:2]!@[NX3;"N_lp":3][CX4:4]	-159.998	6.65327	-	-	-	-	G
C62097619      none	B	[!#1:1][CX4H2:2]!@[CX4H2:3][!#1:4]	180	58.554	-	-	-	-	G
C62097619      none	B	[!#1:1][CX4H2:2]!@[CX4H2:3][!#1:4]	59.9949	3.99483	-	-	-	-	G
C62097619      none	B	[!#1:1][CX4:2]!@[CX4:3][!#1:4]	60.0011	12.3771	-	-	-	-	G
C37737943      none	B	[!#1:1][CX4:2]!@[CX4:3][!#1:4]	60.0001	12.3771	-	-	-	-	G
C37737943      none	B	[*:1]~[CX4:2]!@[NX4:3]~[*:4]	59.9972	15.3058	-	-	-	-	G
C37737943      none	B	[*:1]~[CX4:2]!@[NX4:3]~[*:4]	39.9983	2.08461	-	-	-	-	G
C19479334      none	B	[*:1]~[CX4:2]!@[NX4:3]~[*:4]	180	15.0612	-	-	-	-	G
C19479334      none	B	[*:1]~[CX4:2]!@[NX4:3]~[*:4]	60.002	15.3058	-	-	-	-	G
